Bandit,Reward,Algorithm
1,1.381608007110236,Thompson-Sampling
3,3.5745953124185297,Thompson-Sampling
3,2.6583611335928454,Thompson-Sampling
3,4.532819259972714,Thompson-Sampling
3,4.759357434354318,Thompson-Sampling
3,3.71639908870994,Thompson-Sampling
3,4.37141299959172,Thompson-Sampling
3,3.4083308717775007,Thompson-Sampling
3,5.2864416670453185,Thompson-Sampling
3,4.164243979406873,Thompson-Sampling
3,3.532972428276553,Thompson-Sampling
3,2.8210175120787016,Thompson-Sampling
3,3.7875026532399363,Thompson-Sampling
3,3.6440117459056225,Thompson-Sampling
3,4.120491779538404,Thompson-Sampling
3,3.6551738648034076,Thompson-Sampling
3,4.84680539107301,Thompson-Sampling
3,3.022591293571101,Thompson-Sampling
3,3.3587490027424938,Thompson-Sampling
3,4.368025247972623,Thompson-Sampling
3,2.1993395307181003,Thompson-Sampling
3,3.604388097556962,Thompson-Sampling
3,2.8819968931871145,Thompson-Sampling
3,5.037020140316218,Thompson-Sampling
3,3.8747893044929493,Thompson-Sampling
3,4.941368971042133,Thompson-Sampling
3,3.7996597016932276,Thompson-Sampling
3,3.7093606487327815,Thompson-Sampling
3,2.7891326792262165,Thompson-Sampling
3,5.620607183359755,Thompson-Sampling
3,5.047071823125183,Thompson-Sampling
3,4.63477014068804,Thompson-Sampling
3,4.343700764621911,Thompson-Sampling
3,4.248486946052766,Thompson-Sampling
3,2.404333975781269,Thompson-Sampling
3,3.529333316916027,Thompson-Sampling
3,4.749572993280463,Thompson-Sampling
3,3.7333056575211536,Thompson-Sampling
3,3.6649464165821644,Thompson-Sampling
3,6.109232139672262,Thompson-Sampling
3,2.264856038175176,Thompson-Sampling
3,5.377108272755633,Thompson-Sampling
3,5.548468158988121,Thompson-Sampling
3,5.1385422215478735,Thompson-Sampling
3,3.5979539714857114,Thompson-Sampling
3,3.8450222870954955,Thompson-Sampling
3,3.3681364373027423,Thompson-Sampling
3,3.8471139778315893,Thompson-Sampling
3,3.431896328469463,Thompson-Sampling
3,4.342675999289004,Thompson-Sampling
3,5.650552186205627,Thompson-Sampling
3,3.465179561657413,Thompson-Sampling
3,3.269517524158383,Thompson-Sampling
3,3.4822939786353833,Thompson-Sampling
3,3.1030321264754877,Thompson-Sampling
3,4.2783064313308,Thompson-Sampling
3,4.557825596316058,Thompson-Sampling
3,3.4890594121822796,Thompson-Sampling
3,4.109834759587857,Thompson-Sampling
3,4.340152974231802,Thompson-Sampling
3,4.93637573154516,Thompson-Sampling
3,5.498054783879799,Thompson-Sampling
3,3.085146992914087,Thompson-Sampling
3,3.784555715243723,Thompson-Sampling
3,5.428144514513816,Thompson-Sampling
3,3.731449675119976,Thompson-Sampling
3,6.260491719193352,Thompson-Sampling
3,3.8279002864983345,Thompson-Sampling
3,2.796273469190555,Thompson-Sampling
3,3.2664068575398213,Thompson-Sampling
3,5.337061687939126,Thompson-Sampling
3,5.54241922747336,Thompson-Sampling
3,5.288717115991828,Thompson-Sampling
3,4.595721430863101,Thompson-Sampling
3,2.814955227751903,Thompson-Sampling
3,3.6118568757033493,Thompson-Sampling
3,3.195620753320628,Thompson-Sampling
3,4.184053733582812,Thompson-Sampling
3,5.598395211391541,Thompson-Sampling
3,3.2644877743119585,Thompson-Sampling
3,3.9159742016863412,Thompson-Sampling
3,3.4324303477289897,Thompson-Sampling
3,2.9769127944803184,Thompson-Sampling
3,1.7950534231945432,Thompson-Sampling
3,4.12798491828375,Thompson-Sampling
3,3.3238470956491963,Thompson-Sampling
3,4.403441508339257,Thompson-Sampling
3,4.716712089069434,Thompson-Sampling
3,4.322856975920417,Thompson-Sampling
3,3.710463181799143,Thompson-Sampling
3,4.494334381831917,Thompson-Sampling
3,3.7236069065915345,Thompson-Sampling
3,4.517170728024771,Thompson-Sampling
3,3.077729479445826,Thompson-Sampling
3,2.804510110522087,Thompson-Sampling
3,3.9158542360246393,Thompson-Sampling
3,4.027751402368292,Thompson-Sampling
3,5.4693008341221585,Thompson-Sampling
3,2.435852435870723,Thompson-Sampling
3,4.333982830485467,Thompson-Sampling
3,2.059199630448542,Thompson-Sampling
3,1.7760793625954054,Thompson-Sampling
3,3.838224901076144,Thompson-Sampling
3,4.197701250959611,Thompson-Sampling
3,4.1818951943882405,Thompson-Sampling
3,3.8680657305834045,Thompson-Sampling
3,4.728294729337511,Thompson-Sampling
3,3.4641094677307773,Thompson-Sampling
3,4.460820718261584,Thompson-Sampling
3,3.8017711737232838,Thompson-Sampling
3,3.53831761575643,Thompson-Sampling
3,5.290079617137023,Thompson-Sampling
3,3.6076014110151227,Thompson-Sampling
3,4.174920522240028,Thompson-Sampling
3,4.4022320890346185,Thompson-Sampling
3,5.65105547493059,Thompson-Sampling
3,3.5851918600621606,Thompson-Sampling
3,3.7381678565637277,Thompson-Sampling
3,4.353503654373439,Thompson-Sampling
3,2.9390634037164087,Thompson-Sampling
3,1.9148368637269049,Thompson-Sampling
3,3.2224014460929755,Thompson-Sampling
3,3.6177386212433236,Thompson-Sampling
3,2.469835641530766,Thompson-Sampling
3,2.592017543920356,Thompson-Sampling
3,3.1818096640681612,Thompson-Sampling
3,2.7909280546568356,Thompson-Sampling
3,3.2415382670173347,Thompson-Sampling
3,3.6978933467159383,Thompson-Sampling
3,3.6167400498828526,Thompson-Sampling
3,3.6867789199976304,Thompson-Sampling
3,5.24819239775499,Thompson-Sampling
3,4.006027421569282,Thompson-Sampling
3,5.040213744167605,Thompson-Sampling
3,1.8984809342135365,Thompson-Sampling
3,4.334348856854486,Thompson-Sampling
3,2.6065011953043102,Thompson-Sampling
3,3.9272868663516918,Thompson-Sampling
3,6.014123431673715,Thompson-Sampling
3,2.6699663963811022,Thompson-Sampling
3,3.6047993006354644,Thompson-Sampling
3,6.319086330527795,Thompson-Sampling
3,4.67869088456015,Thompson-Sampling
3,5.52605555071349,Thompson-Sampling
3,4.6483686766855765,Thompson-Sampling
3,4.992594654110715,Thompson-Sampling
3,3.415638037600692,Thompson-Sampling
3,5.015617906501055,Thompson-Sampling
3,4.71810975671115,Thompson-Sampling
3,2.704053208357066,Thompson-Sampling
3,2.8871427982252005,Thompson-Sampling
3,2.19597477650297,Thompson-Sampling
3,4.7067102318794385,Thompson-Sampling
3,3.4867458564594482,Thompson-Sampling
3,4.099321740895104,Thompson-Sampling
3,4.155123707704476,Thompson-Sampling
3,4.315178533887711,Thompson-Sampling
3,3.433960292940066,Thompson-Sampling
3,6.091822033153452,Thompson-Sampling
3,3.829069889954532,Thompson-Sampling
3,3.566586042618137,Thompson-Sampling
3,3.1285871976276822,Thompson-Sampling
3,4.69107942237839,Thompson-Sampling
3,3.5157142273253097,Thompson-Sampling
3,3.7589272630900448,Thompson-Sampling
3,2.6483216626364356,Thompson-Sampling
3,3.7395376475637696,Thompson-Sampling
3,3.9140915556702645,Thompson-Sampling
3,4.62116090884045,Thompson-Sampling
3,4.327669089931235,Thompson-Sampling
3,4.386453639489711,Thompson-Sampling
3,4.61247589009653,Thompson-Sampling
3,3.871614487747309,Thompson-Sampling
3,3.7557195469339297,Thompson-Sampling
3,3.758133621707521,Thompson-Sampling
3,4.798669437592956,Thompson-Sampling
3,3.0863504141731397,Thompson-Sampling
3,2.091479892115119,Thompson-Sampling
3,4.3772620521035215,Thompson-Sampling
3,5.055623194921798,Thompson-Sampling
3,4.944722014756011,Thompson-Sampling
3,4.5473551807115875,Thompson-Sampling
3,3.5531260633181567,Thompson-Sampling
3,4.129838224232864,Thompson-Sampling
3,2.7758698483136306,Thompson-Sampling
3,1.808344200757233,Thompson-Sampling
3,4.091979931977074,Thompson-Sampling
3,4.029896219600837,Thompson-Sampling
3,3.113978474475869,Thompson-Sampling
3,3.6428050344111744,Thompson-Sampling
3,4.453303966674538,Thompson-Sampling
3,3.4013281603786596,Thompson-Sampling
3,2.591700139841058,Thompson-Sampling
3,5.1454536141787495,Thompson-Sampling
3,3.375015455819577,Thompson-Sampling
3,3.9901081994623295,Thompson-Sampling
3,3.2459793273961957,Thompson-Sampling
3,5.024721252647497,Thompson-Sampling
3,3.5700828276710075,Thompson-Sampling
3,4.157423242321095,Thompson-Sampling
3,5.495257077823817,Thompson-Sampling
3,4.598385871408132,Thompson-Sampling
3,5.32689502078968,Thompson-Sampling
3,3.1866190030053314,Thompson-Sampling
3,3.411272569965871,Thompson-Sampling
3,4.544962083346175,Thompson-Sampling
3,4.0048265630523625,Thompson-Sampling
3,3.4756744842155376,Thompson-Sampling
3,4.1598930255450375,Thompson-Sampling
3,3.0472857077510853,Thompson-Sampling
3,3.972074306194931,Thompson-Sampling
3,4.601387882385521,Thompson-Sampling
3,3.5646879842234953,Thompson-Sampling
3,4.531942061642901,Thompson-Sampling
3,4.626008258562859,Thompson-Sampling
3,4.2251905532706076,Thompson-Sampling
3,4.023578056788723,Thompson-Sampling
3,4.581781789002738,Thompson-Sampling
3,3.092338538645052,Thompson-Sampling
3,2.885162157131909,Thompson-Sampling
3,4.850206531427727,Thompson-Sampling
3,3.6532496141520405,Thompson-Sampling
3,4.59816490194605,Thompson-Sampling
3,4.349127730742266,Thompson-Sampling
3,4.557905636958048,Thompson-Sampling
3,2.7123569720711744,Thompson-Sampling
3,2.7877140061654084,Thompson-Sampling
3,4.702067554532457,Thompson-Sampling
3,4.162873108156912,Thompson-Sampling
3,4.360409254014591,Thompson-Sampling
3,5.386175741816956,Thompson-Sampling
3,3.227808429897404,Thompson-Sampling
3,4.5805922821946,Thompson-Sampling
3,5.353159955240502,Thompson-Sampling
3,4.5634636946257086,Thompson-Sampling
3,3.7975572216726485,Thompson-Sampling
3,3.0413861273133858,Thompson-Sampling
3,2.7731320843827225,Thompson-Sampling
3,2.199514293180761,Thompson-Sampling
3,4.309043628300873,Thompson-Sampling
3,2.487273355766737,Thompson-Sampling
3,4.137671215291135,Thompson-Sampling
3,4.1815516100770775,Thompson-Sampling
3,3.9346036920712497,Thompson-Sampling
3,2.8993163373142234,Thompson-Sampling
3,3.2411430951275655,Thompson-Sampling
3,4.979979243540689,Thompson-Sampling
3,4.0718367640566155,Thompson-Sampling
3,3.6920858184217877,Thompson-Sampling
3,3.267832922521205,Thompson-Sampling
3,5.8945962633865765,Thompson-Sampling
3,5.825826106335475,Thompson-Sampling
3,3.870144334649196,Thompson-Sampling
3,3.1587556521009197,Thompson-Sampling
3,3.9785511266640796,Thompson-Sampling
3,2.950968177447834,Thompson-Sampling
3,2.668789442498918,Thompson-Sampling
3,3.425892107514728,Thompson-Sampling
3,3.2569791423699637,Thompson-Sampling
3,4.510303731887478,Thompson-Sampling
3,3.4516640064027317,Thompson-Sampling
3,3.5394627072254266,Thompson-Sampling
3,5.813909797083075,Thompson-Sampling
3,4.720111963881381,Thompson-Sampling
3,5.45040539800039,Thompson-Sampling
3,2.97318675651273,Thompson-Sampling
3,4.655547041815993,Thompson-Sampling
3,5.385253129733234,Thompson-Sampling
3,5.244605011094375,Thompson-Sampling
3,4.605498811646453,Thompson-Sampling
3,4.2678898394455596,Thompson-Sampling
3,4.008391695260704,Thompson-Sampling
3,3.0948337643939254,Thompson-Sampling
3,4.077972478624395,Thompson-Sampling
3,4.37731347002837,Thompson-Sampling
3,6.375753193039666,Thompson-Sampling
3,4.540586738803806,Thompson-Sampling
3,3.9901190159402464,Thompson-Sampling
3,4.42382860864145,Thompson-Sampling
3,4.331358600809276,Thompson-Sampling
3,4.31813306111269,Thompson-Sampling
3,2.30403770435212,Thompson-Sampling
3,3.115213778509244,Thompson-Sampling
3,3.166946231470565,Thompson-Sampling
3,3.622318321891602,Thompson-Sampling
3,4.981114818976878,Thompson-Sampling
3,4.618898004749283,Thompson-Sampling
3,3.2501332940727026,Thompson-Sampling
3,3.5506565652525928,Thompson-Sampling
3,3.1868036187615187,Thompson-Sampling
3,2.831515380013403,Thompson-Sampling
3,3.379180173879288,Thompson-Sampling
3,4.080517553562232,Thompson-Sampling
3,4.158249962553171,Thompson-Sampling
3,4.299264855021702,Thompson-Sampling
3,4.883708554259149,Thompson-Sampling
3,4.888426181008113,Thompson-Sampling
3,5.447022629605278,Thompson-Sampling
3,2.9714256599549507,Thompson-Sampling
3,4.259920990111798,Thompson-Sampling
3,4.819954248792679,Thompson-Sampling
3,4.20384712225141,Thompson-Sampling
3,4.391971121082168,Thompson-Sampling
3,4.435884313522125,Thompson-Sampling
3,4.579470127802576,Thompson-Sampling
3,3.939039432212012,Thompson-Sampling
3,3.771663654057217,Thompson-Sampling
3,2.686934953792899,Thompson-Sampling
3,3.773053882898291,Thompson-Sampling
3,2.575377543672526,Thompson-Sampling
3,4.743589370488483,Thompson-Sampling
3,4.541407740582725,Thompson-Sampling
3,4.690225943129139,Thompson-Sampling
3,3.422075530042478,Thompson-Sampling
3,3.4228479453138245,Thompson-Sampling
3,4.2665591456354415,Thompson-Sampling
3,3.622599592729385,Thompson-Sampling
3,3.979079609854831,Thompson-Sampling
3,4.380926323866604,Thompson-Sampling
3,3.8656410047408696,Thompson-Sampling
3,4.7786070617457295,Thompson-Sampling
3,3.1120068841479327,Thompson-Sampling
3,6.8255188949290275,Thompson-Sampling
3,4.049727674561512,Thompson-Sampling
3,3.9582298220962198,Thompson-Sampling
3,3.850687203441239,Thompson-Sampling
3,2.9273168834083414,Thompson-Sampling
3,4.347234128687276,Thompson-Sampling
3,4.860459049488482,Thompson-Sampling
3,2.907125401352818,Thompson-Sampling
3,4.42368973983485,Thompson-Sampling
3,2.734266549838249,Thompson-Sampling
3,3.7095200300791773,Thompson-Sampling
3,3.7516736535464683,Thompson-Sampling
3,4.655505914995536,Thompson-Sampling
3,3.296592877195924,Thompson-Sampling
3,3.875693570202456,Thompson-Sampling
3,3.8879687796856257,Thompson-Sampling
3,3.407506517921891,Thompson-Sampling
3,2.964512869333058,Thompson-Sampling
3,4.718176689242191,Thompson-Sampling
3,3.8409600393089156,Thompson-Sampling
3,4.929768546610252,Thompson-Sampling
3,2.6943510983290695,Thompson-Sampling
3,3.8135049779639494,Thompson-Sampling
3,4.628136062212246,Thompson-Sampling
3,3.7682828907275048,Thompson-Sampling
3,3.1964765527374954,Thompson-Sampling
3,1.5814128439563824,Thompson-Sampling
3,4.666731302506104,Thompson-Sampling
3,4.717624459974288,Thompson-Sampling
3,5.028209595819912,Thompson-Sampling
3,3.893912448383688,Thompson-Sampling
3,3.452818139212695,Thompson-Sampling
3,4.351819828316229,Thompson-Sampling
3,5.597191001791639,Thompson-Sampling
3,2.600642004944902,Thompson-Sampling
3,3.2277494914768816,Thompson-Sampling
3,4.749475041837379,Thompson-Sampling
3,2.466500653927324,Thompson-Sampling
3,4.9323106407977555,Thompson-Sampling
3,3.761493518388601,Thompson-Sampling
3,5.432001209007055,Thompson-Sampling
3,4.864207634751693,Thompson-Sampling
3,4.990386733694463,Thompson-Sampling
3,4.946917142164243,Thompson-Sampling
3,2.3921123748194115,Thompson-Sampling
3,4.327221928220842,Thompson-Sampling
3,4.14324613785368,Thompson-Sampling
3,4.421486683566912,Thompson-Sampling
3,4.2565722773520855,Thompson-Sampling
3,3.44583083515405,Thompson-Sampling
3,2.0246718741468186,Thompson-Sampling
3,3.4294860706385526,Thompson-Sampling
3,3.377341710282557,Thompson-Sampling
3,4.731579719215662,Thompson-Sampling
3,4.222716643613381,Thompson-Sampling
3,4.703000302046794,Thompson-Sampling
3,3.7342180973804036,Thompson-Sampling
3,3.494630662509752,Thompson-Sampling
3,4.8452988471499845,Thompson-Sampling
3,3.0133414752248644,Thompson-Sampling
3,2.694281491640322,Thompson-Sampling
3,4.993906311375624,Thompson-Sampling
3,4.372112699133382,Thompson-Sampling
3,3.40106059925575,Thompson-Sampling
3,3.147980030372012,Thompson-Sampling
3,4.31557290056927,Thompson-Sampling
3,5.423257364336322,Thompson-Sampling
3,3.0246111209940705,Thompson-Sampling
3,4.854394677330125,Thompson-Sampling
3,3.629257613835159,Thompson-Sampling
3,4.530113178382623,Thompson-Sampling
3,3.6073982563255664,Thompson-Sampling
3,3.834942987245663,Thompson-Sampling
3,4.703964653518656,Thompson-Sampling
3,1.8534670676084377,Thompson-Sampling
3,4.81386184124788,Thompson-Sampling
3,2.595895587809154,Thompson-Sampling
3,2.863288204977748,Thompson-Sampling
3,3.3714532403141084,Thompson-Sampling
3,3.1392911109614117,Thompson-Sampling
3,3.7792989224023668,Thompson-Sampling
3,2.641607564037595,Thompson-Sampling
3,2.5898678673181847,Thompson-Sampling
3,3.7588492088090772,Thompson-Sampling
3,3.94464532961351,Thompson-Sampling
3,4.456820876440588,Thompson-Sampling
3,4.977380158807768,Thompson-Sampling
3,5.432741265461541,Thompson-Sampling
3,4.588943234257274,Thompson-Sampling
3,3.9810962594970203,Thompson-Sampling
3,2.336821072253481,Thompson-Sampling
3,4.469468578297392,Thompson-Sampling
3,4.391293304644211,Thompson-Sampling
3,3.18403663986168,Thompson-Sampling
3,3.8034544852885466,Thompson-Sampling
3,5.363813272446473,Thompson-Sampling
3,4.74198641668204,Thompson-Sampling
3,3.8987900412424463,Thompson-Sampling
3,4.369476475472901,Thompson-Sampling
3,4.123004819019683,Thompson-Sampling
3,4.403391809074743,Thompson-Sampling
3,3.9883406086568782,Thompson-Sampling
3,3.2160788842035015,Thompson-Sampling
3,3.407774494108034,Thompson-Sampling
3,6.189005025995671,Thompson-Sampling
3,3.6082532708834836,Thompson-Sampling
3,4.734454107975989,Thompson-Sampling
3,2.64962813376071,Thompson-Sampling
3,3.700721002006953,Thompson-Sampling
3,4.608029204026548,Thompson-Sampling
3,3.6214045133673993,Thompson-Sampling
3,3.083375418077422,Thompson-Sampling
3,4.82871648233032,Thompson-Sampling
3,3.702557333813836,Thompson-Sampling
3,5.255984467365154,Thompson-Sampling
3,4.141146108749076,Thompson-Sampling
3,3.3213061797004846,Thompson-Sampling
3,5.540660334149025,Thompson-Sampling
3,4.425575792093754,Thompson-Sampling
3,5.34901631770732,Thompson-Sampling
3,4.414957740471981,Thompson-Sampling
3,3.055871289595087,Thompson-Sampling
3,4.950728960926619,Thompson-Sampling
3,4.698739239277531,Thompson-Sampling
3,3.9539967963549234,Thompson-Sampling
3,4.853353163814262,Thompson-Sampling
3,3.502067497488942,Thompson-Sampling
3,2.6745191304027776,Thompson-Sampling
3,3.9167080481920937,Thompson-Sampling
3,5.150893597667386,Thompson-Sampling
3,3.324056731885258,Thompson-Sampling
3,3.4031493401140978,Thompson-Sampling
3,4.920191626414196,Thompson-Sampling
3,4.276559835498584,Thompson-Sampling
3,4.9721604558946595,Thompson-Sampling
3,4.4835123098508785,Thompson-Sampling
3,5.028375348994323,Thompson-Sampling
3,4.262138166557117,Thompson-Sampling
3,3.598108932141767,Thompson-Sampling
3,4.363947580246373,Thompson-Sampling
3,4.75030681464251,Thompson-Sampling
3,5.406262185069204,Thompson-Sampling
3,4.7103082345605936,Thompson-Sampling
3,2.605415095337509,Thompson-Sampling
3,4.114464978314797,Thompson-Sampling
3,4.898954554146406,Thompson-Sampling
3,5.208339464073168,Thompson-Sampling
3,4.567086560796784,Thompson-Sampling
3,4.51837963837456,Thompson-Sampling
3,4.218180625341012,Thompson-Sampling
3,4.645321935701542,Thompson-Sampling
3,3.1108426287734283,Thompson-Sampling
3,3.6657066285383544,Thompson-Sampling
3,4.515259533698636,Thompson-Sampling
3,6.777605573028865,Thompson-Sampling
3,3.049530295972909,Thompson-Sampling
3,5.292900545976836,Thompson-Sampling
3,5.745776072814431,Thompson-Sampling
3,3.8179212983686086,Thompson-Sampling
3,3.572618535855821,Thompson-Sampling
3,5.773938799580181,Thompson-Sampling
3,3.257917199341487,Thompson-Sampling
3,3.394867045021913,Thompson-Sampling
3,3.6649535263925173,Thompson-Sampling
3,3.520316068953815,Thompson-Sampling
3,4.441285476796786,Thompson-Sampling
3,5.865072572521295,Thompson-Sampling
3,3.7947905714974492,Thompson-Sampling
3,3.952566871280047,Thompson-Sampling
3,3.361408290981235,Thompson-Sampling
3,3.0440240342523337,Thompson-Sampling
3,4.417564489537022,Thompson-Sampling
3,2.2912815957016557,Thompson-Sampling
3,3.7524023234958093,Thompson-Sampling
3,3.947443883403051,Thompson-Sampling
3,3.6707096904347027,Thompson-Sampling
3,4.9132985075321205,Thompson-Sampling
3,3.5478824006167464,Thompson-Sampling
3,4.659468380461171,Thompson-Sampling
3,2.029217579838773,Thompson-Sampling
3,4.804136831419471,Thompson-Sampling
3,3.565620870561076,Thompson-Sampling
3,4.693899072840593,Thompson-Sampling
3,4.961906906704066,Thompson-Sampling
3,4.362106275224603,Thompson-Sampling
3,4.992667672627058,Thompson-Sampling
3,4.250313398321615,Thompson-Sampling
3,5.924779677366871,Thompson-Sampling
3,3.342438372937209,Thompson-Sampling
3,4.549290810039245,Thompson-Sampling
3,4.9802093482263174,Thompson-Sampling
3,4.175658677830205,Thompson-Sampling
3,4.3779046840883415,Thompson-Sampling
3,6.041119191161363,Thompson-Sampling
3,4.283988861504808,Thompson-Sampling
3,2.7199167395616053,Thompson-Sampling
3,2.8934718511966815,Thompson-Sampling
3,2.432709315133679,Thompson-Sampling
3,4.094862935418436,Thompson-Sampling
3,4.2987761924225305,Thompson-Sampling
3,3.245874370627618,Thompson-Sampling
3,3.877896891642501,Thompson-Sampling
3,4.105393670799302,Thompson-Sampling
3,4.371240972719176,Thompson-Sampling
3,3.7044459912253838,Thompson-Sampling
3,3.2782204504459678,Thompson-Sampling
3,4.613862700467741,Thompson-Sampling
3,4.45549575824798,Thompson-Sampling
3,4.724048505370567,Thompson-Sampling
3,3.5522296634234056,Thompson-Sampling
3,4.224579000511765,Thompson-Sampling
3,2.592332602815417,Thompson-Sampling
3,2.020436621405417,Thompson-Sampling
3,2.9960606382674353,Thompson-Sampling
3,4.604110672425655,Thompson-Sampling
3,5.055304860480133,Thompson-Sampling
3,2.8077021704181604,Thompson-Sampling
3,2.6668085702847746,Thompson-Sampling
3,5.196885653887623,Thompson-Sampling
3,4.202897754764612,Thompson-Sampling
3,5.237095974568147,Thompson-Sampling
3,2.9300702522144,Thompson-Sampling
3,1.652456831767132,Thompson-Sampling
3,3.426383428742554,Thompson-Sampling
3,4.966805533019451,Thompson-Sampling
3,4.601855569180451,Thompson-Sampling
3,3.2415405832134994,Thompson-Sampling
3,4.500154200623649,Thompson-Sampling
3,2.4820716890501684,Thompson-Sampling
3,4.928355691866862,Thompson-Sampling
3,3.5472886775241923,Thompson-Sampling
3,2.932870785040657,Thompson-Sampling
3,3.976191538394957,Thompson-Sampling
3,5.079670540473822,Thompson-Sampling
3,4.316438236979932,Thompson-Sampling
3,2.2211404700555453,Thompson-Sampling
3,4.899384064230722,Thompson-Sampling
3,4.229279820930732,Thompson-Sampling
3,4.550301557511559,Thompson-Sampling
3,4.516292678366824,Thompson-Sampling
3,3.563477948894409,Thompson-Sampling
3,6.330915816077934,Thompson-Sampling
3,4.172483534061726,Thompson-Sampling
3,3.9041023758721587,Thompson-Sampling
3,4.729361987013387,Thompson-Sampling
3,5.248919181326037,Thompson-Sampling
3,3.579026320846563,Thompson-Sampling
3,3.81494550062209,Thompson-Sampling
3,4.735547298300488,Thompson-Sampling
3,3.436438226391721,Thompson-Sampling
3,2.22008547298583,Thompson-Sampling
3,4.531628689124842,Thompson-Sampling
3,4.769617675503355,Thompson-Sampling
3,3.9024962587147325,Thompson-Sampling
3,3.2892190431962045,Thompson-Sampling
3,0.8993008938905707,Thompson-Sampling
3,2.181110646142848,Thompson-Sampling
3,2.7538131422681253,Thompson-Sampling
3,2.8002594418765017,Thompson-Sampling
3,3.38246710209707,Thompson-Sampling
3,3.4407023595744146,Thompson-Sampling
3,3.694415913062808,Thompson-Sampling
3,4.143718138467821,Thompson-Sampling
3,5.151029419940782,Thompson-Sampling
3,4.033784997751338,Thompson-Sampling
3,4.238627224397098,Thompson-Sampling
3,3.850008881269238,Thompson-Sampling
3,3.862088021283698,Thompson-Sampling
3,3.689139514688242,Thompson-Sampling
3,4.326184456934589,Thompson-Sampling
3,3.4465736179974327,Thompson-Sampling
3,3.029670520672722,Thompson-Sampling
3,5.552076066015285,Thompson-Sampling
3,4.895338653397184,Thompson-Sampling
3,2.973887953697151,Thompson-Sampling
3,2.537047217188152,Thompson-Sampling
3,4.626286609663101,Thompson-Sampling
3,3.359878326787059,Thompson-Sampling
3,4.823884495303363,Thompson-Sampling
3,2.629126189869422,Thompson-Sampling
3,4.575723390242483,Thompson-Sampling
3,3.3609197373335973,Thompson-Sampling
3,2.3981692238767747,Thompson-Sampling
3,4.087251067701456,Thompson-Sampling
3,3.859982684576626,Thompson-Sampling
3,4.611353547320875,Thompson-Sampling
3,5.3692496907264164,Thompson-Sampling
3,3.761912997920761,Thompson-Sampling
3,3.49843139561053,Thompson-Sampling
3,4.242706969199653,Thompson-Sampling
3,3.1549829947198487,Thompson-Sampling
3,3.3483935120777715,Thompson-Sampling
3,3.313034742573494,Thompson-Sampling
3,5.014604349346319,Thompson-Sampling
3,5.445099881396818,Thompson-Sampling
3,3.721447321374427,Thompson-Sampling
3,4.0368408156557845,Thompson-Sampling
3,3.3833610499216764,Thompson-Sampling
3,3.3720955599559015,Thompson-Sampling
3,4.621918505433147,Thompson-Sampling
3,4.49622153712572,Thompson-Sampling
3,4.074510004042093,Thompson-Sampling
3,4.700055820723443,Thompson-Sampling
3,3.3175990484316946,Thompson-Sampling
3,3.6846552474639718,Thompson-Sampling
3,4.021349447005488,Thompson-Sampling
3,4.184483668961141,Thompson-Sampling
3,5.176876216685083,Thompson-Sampling
3,4.167785099545514,Thompson-Sampling
3,5.175689427048166,Thompson-Sampling
3,2.7812241673298264,Thompson-Sampling
3,3.684019459182111,Thompson-Sampling
3,5.049251799040213,Thompson-Sampling
3,5.21187401577067,Thompson-Sampling
3,3.557144859507017,Thompson-Sampling
3,3.885049710699736,Thompson-Sampling
3,3.8722385407894357,Thompson-Sampling
3,3.3290608022855395,Thompson-Sampling
3,4.808512754978346,Thompson-Sampling
3,5.777139506474661,Thompson-Sampling
3,4.648880504799581,Thompson-Sampling
3,4.006484921489688,Thompson-Sampling
3,3.2485011226777196,Thompson-Sampling
3,2.9405901022979943,Thompson-Sampling
3,3.99760722631771,Thompson-Sampling
3,2.526001670325267,Thompson-Sampling
3,5.373921814867911,Thompson-Sampling
3,4.87568229713797,Thompson-Sampling
3,4.433455064662031,Thompson-Sampling
3,2.053394611499029,Thompson-Sampling
3,3.996793134034579,Thompson-Sampling
3,2.9238512260205676,Thompson-Sampling
3,4.117674351199593,Thompson-Sampling
3,3.7469290281023313,Thompson-Sampling
3,4.511436032412936,Thompson-Sampling
3,5.0808005944398555,Thompson-Sampling
3,3.7067171266418883,Thompson-Sampling
3,4.302158285446689,Thompson-Sampling
3,3.907850363825633,Thompson-Sampling
3,3.5818956683320184,Thompson-Sampling
3,5.232404347306989,Thompson-Sampling
3,3.7067665773258662,Thompson-Sampling
3,5.9127744987650726,Thompson-Sampling
3,5.402111296941933,Thompson-Sampling
3,3.439707433966909,Thompson-Sampling
3,3.4443888587687557,Thompson-Sampling
3,4.073461501409567,Thompson-Sampling
3,5.843882865269268,Thompson-Sampling
3,4.060833685265747,Thompson-Sampling
3,3.7480953814911144,Thompson-Sampling
3,5.265342281870783,Thompson-Sampling
3,5.381168421017232,Thompson-Sampling
3,4.4368053183835165,Thompson-Sampling
3,2.4102841828611647,Thompson-Sampling
3,4.351876097144444,Thompson-Sampling
3,3.590244996391772,Thompson-Sampling
3,3.2659668852377806,Thompson-Sampling
3,3.8020887623290793,Thompson-Sampling
3,4.42385599118732,Thompson-Sampling
3,3.7214736953913765,Thompson-Sampling
3,2.7824511498295816,Thompson-Sampling
3,3.5722912447680955,Thompson-Sampling
3,3.5305048637277263,Thompson-Sampling
3,3.484537074760563,Thompson-Sampling
3,4.444771809570262,Thompson-Sampling
3,4.797498517572124,Thompson-Sampling
3,5.0410761747158555,Thompson-Sampling
3,3.9551143995834783,Thompson-Sampling
3,4.241925491574653,Thompson-Sampling
3,3.795602415388365,Thompson-Sampling
3,2.3526403391815034,Thompson-Sampling
3,4.353787285229195,Thompson-Sampling
3,3.8903391410562933,Thompson-Sampling
3,4.737808896552121,Thompson-Sampling
3,3.4174327324459366,Thompson-Sampling
3,4.210264223360109,Thompson-Sampling
3,3.132209193028972,Thompson-Sampling
3,3.8985763788479315,Thompson-Sampling
3,3.82490882938854,Thompson-Sampling
3,4.688283958811032,Thompson-Sampling
3,3.8980876878208925,Thompson-Sampling
3,4.796856370192502,Thompson-Sampling
3,3.467602944271143,Thompson-Sampling
3,5.6256788824358805,Thompson-Sampling
3,3.2246009360591827,Thompson-Sampling
3,3.1679127901154778,Thompson-Sampling
3,1.791135562160283,Thompson-Sampling
3,2.522198844564529,Thompson-Sampling
3,5.955123718573424,Thompson-Sampling
3,3.7486013269239313,Thompson-Sampling
3,5.244505684335567,Thompson-Sampling
3,2.5148491345349466,Thompson-Sampling
3,3.7606367365491704,Thompson-Sampling
3,4.466780481750891,Thompson-Sampling
3,3.665928501611212,Thompson-Sampling
3,3.807726278613232,Thompson-Sampling
3,3.8855901687554817,Thompson-Sampling
3,3.6249717250966516,Thompson-Sampling
3,1.0109689189000228,Thompson-Sampling
3,5.087117457942275,Thompson-Sampling
3,3.5456217998875355,Thompson-Sampling
3,3.9460864049245648,Thompson-Sampling
3,4.563985228645433,Thompson-Sampling
3,4.687001224307271,Thompson-Sampling
3,3.39759537804123,Thompson-Sampling
3,3.934604463512602,Thompson-Sampling
3,3.6981063605797444,Thompson-Sampling
3,1.739700489134938,Thompson-Sampling
3,5.893469719283347,Thompson-Sampling
3,4.424963222524,Thompson-Sampling
3,4.4128071010520165,Thompson-Sampling
3,3.0927956446109266,Thompson-Sampling
3,4.556685362714811,Thompson-Sampling
3,4.0111156916500335,Thompson-Sampling
3,4.42047736135528,Thompson-Sampling
3,3.1332135158073586,Thompson-Sampling
3,3.080483311245341,Thompson-Sampling
3,3.490960775128091,Thompson-Sampling
3,5.22768585671941,Thompson-Sampling
3,3.8376200413840866,Thompson-Sampling
3,3.6310990583765217,Thompson-Sampling
3,3.623118597953726,Thompson-Sampling
3,4.812774887672006,Thompson-Sampling
3,3.981768728440737,Thompson-Sampling
3,4.736771117606382,Thompson-Sampling
3,3.3771567168403354,Thompson-Sampling
3,2.2876175522637903,Thompson-Sampling
3,5.3585708764099795,Thompson-Sampling
3,3.1078034606860974,Thompson-Sampling
3,4.532555551346845,Thompson-Sampling
3,4.191488143434131,Thompson-Sampling
3,2.751701385077638,Thompson-Sampling
3,3.6678006316148966,Thompson-Sampling
3,4.184891672347421,Thompson-Sampling
3,4.370994866223793,Thompson-Sampling
3,3.867910262957795,Thompson-Sampling
3,3.0731883950477608,Thompson-Sampling
3,3.635402893222545,Thompson-Sampling
3,3.522297997740911,Thompson-Sampling
3,3.3303254452229964,Thompson-Sampling
3,3.7123605009681704,Thompson-Sampling
3,4.273504901243052,Thompson-Sampling
3,3.9628156331065787,Thompson-Sampling
3,2.6120253347587807,Thompson-Sampling
3,4.8456497157219935,Thompson-Sampling
3,4.5780534645058735,Thompson-Sampling
3,6.305974904542484,Thompson-Sampling
3,4.5584751925573785,Thompson-Sampling
3,3.9420955580931074,Thompson-Sampling
3,3.651507745315301,Thompson-Sampling
3,4.115390367469514,Thompson-Sampling
3,3.7386455365268603,Thompson-Sampling
3,4.716905645258226,Thompson-Sampling
3,3.5157954498825568,Thompson-Sampling
3,4.195928337762146,Thompson-Sampling
3,4.245037024004082,Thompson-Sampling
3,4.10733208461853,Thompson-Sampling
3,3.9068392120233,Thompson-Sampling
3,5.355959556670384,Thompson-Sampling
3,4.176742748388172,Thompson-Sampling
3,3.123419999936673,Thompson-Sampling
3,3.6875570339345893,Thompson-Sampling
3,3.8173193206352782,Thompson-Sampling
3,5.2093403344182985,Thompson-Sampling
3,5.080417446186973,Thompson-Sampling
3,5.789788563061341,Thompson-Sampling
3,4.458897279918513,Thompson-Sampling
3,4.8388605405340845,Thompson-Sampling
3,4.383510566658863,Thompson-Sampling
3,3.784174960496602,Thompson-Sampling
3,4.456440975247864,Thompson-Sampling
3,3.230660922767626,Thompson-Sampling
3,4.885641319954283,Thompson-Sampling
3,3.4681465511511527,Thompson-Sampling
3,2.5259963994969588,Thompson-Sampling
3,3.0800996796854507,Thompson-Sampling
3,4.281789268196534,Thompson-Sampling
3,3.1701463043652964,Thompson-Sampling
3,6.204827595858449,Thompson-Sampling
3,6.328988067781987,Thompson-Sampling
3,3.169101513660138,Thompson-Sampling
3,4.480323064531163,Thompson-Sampling
3,2.895837370747715,Thompson-Sampling
3,4.591836992049327,Thompson-Sampling
3,4.319705104458684,Thompson-Sampling
3,3.866574031399334,Thompson-Sampling
3,3.841628116784766,Thompson-Sampling
3,4.146388953012431,Thompson-Sampling
3,5.469805745314561,Thompson-Sampling
3,2.0887389825439238,Thompson-Sampling
3,4.362108254614126,Thompson-Sampling
3,6.0491520198472255,Thompson-Sampling
3,2.7236250669189452,Thompson-Sampling
3,2.7739085506575387,Thompson-Sampling
3,2.6837360436890045,Thompson-Sampling
3,4.524385244852258,Thompson-Sampling
3,1.9442102889980721,Thompson-Sampling
3,3.753943880654961,Thompson-Sampling
3,4.231421610996273,Thompson-Sampling
3,2.6876421648223103,Thompson-Sampling
3,5.045803902385837,Thompson-Sampling
3,3.1714351685971893,Thompson-Sampling
3,4.387684810073362,Thompson-Sampling
3,3.447457474782443,Thompson-Sampling
3,3.4651072785155046,Thompson-Sampling
3,5.374941518850329,Thompson-Sampling
3,4.009955137521717,Thompson-Sampling
3,3.889134621114065,Thompson-Sampling
3,3.412043232873236,Thompson-Sampling
3,4.713458634765639,Thompson-Sampling
3,4.9113453054742555,Thompson-Sampling
3,3.0392659565531455,Thompson-Sampling
3,2.87993929750079,Thompson-Sampling
3,4.3248830409450525,Thompson-Sampling
3,4.578902812458683,Thompson-Sampling
3,4.003719210432902,Thompson-Sampling
3,4.7055765168378745,Thompson-Sampling
3,3.2633459059569097,Thompson-Sampling
3,3.8233509661615193,Thompson-Sampling
3,2.723302364792898,Thompson-Sampling
3,5.155654496122548,Thompson-Sampling
3,4.350531218619615,Thompson-Sampling
3,5.975633112792466,Thompson-Sampling
3,3.96938177435192,Thompson-Sampling
3,5.154651614215092,Thompson-Sampling
3,4.501460076680258,Thompson-Sampling
3,5.585856692932941,Thompson-Sampling
3,2.995669710635849,Thompson-Sampling
3,4.563404391140792,Thompson-Sampling
3,4.84576794994071,Thompson-Sampling
3,2.3829325526015266,Thompson-Sampling
3,5.605845196525836,Thompson-Sampling
3,3.8772121792286565,Thompson-Sampling
3,3.302865897554672,Thompson-Sampling
3,2.9035603783808326,Thompson-Sampling
3,4.91519189160693,Thompson-Sampling
3,2.894789104293982,Thompson-Sampling
3,4.7488207209883315,Thompson-Sampling
3,2.9302876181327635,Thompson-Sampling
3,2.7653564377266293,Thompson-Sampling
3,4.525256546316084,Thompson-Sampling
3,3.9515512476080223,Thompson-Sampling
3,4.471850553450314,Thompson-Sampling
3,2.6227792271267125,Thompson-Sampling
3,3.7149532184559226,Thompson-Sampling
3,2.3093343399750386,Thompson-Sampling
3,4.432084859292322,Thompson-Sampling
3,4.363651774466074,Thompson-Sampling
3,4.737220309073311,Thompson-Sampling
3,2.645707299459489,Thompson-Sampling
3,4.158525914426212,Thompson-Sampling
3,4.9541969367843155,Thompson-Sampling
3,3.485740557599374,Thompson-Sampling
3,2.3147825028834954,Thompson-Sampling
3,4.952713755256247,Thompson-Sampling
3,3.1966279697903595,Thompson-Sampling
3,3.2367334677034973,Thompson-Sampling
3,3.2668426388770992,Thompson-Sampling
3,3.33423860805335,Thompson-Sampling
3,3.1417019134874145,Thompson-Sampling
3,4.364555789895582,Thompson-Sampling
3,4.377520249686041,Thompson-Sampling
3,4.841230254120525,Thompson-Sampling
3,3.0055914970631026,Thompson-Sampling
3,4.7619117293470365,Thompson-Sampling
3,3.3216839551546657,Thompson-Sampling
3,5.05839634280914,Thompson-Sampling
3,5.360734426481539,Thompson-Sampling
3,3.8118702294844806,Thompson-Sampling
3,5.621067438827853,Thompson-Sampling
3,4.799528944058045,Thompson-Sampling
3,2.8209408381895233,Thompson-Sampling
3,2.3521173204758585,Thompson-Sampling
3,4.074218343595428,Thompson-Sampling
3,4.295275395647801,Thompson-Sampling
3,3.864912828933862,Thompson-Sampling
3,3.504635345915811,Thompson-Sampling
3,3.4197097722016196,Thompson-Sampling
3,2.9528155531772553,Thompson-Sampling
3,3.419777406318129,Thompson-Sampling
3,3.311319751035378,Thompson-Sampling
3,3.633871981742427,Thompson-Sampling
3,3.021023042241405,Thompson-Sampling
3,3.5111392411368385,Thompson-Sampling
3,2.0894747267754745,Thompson-Sampling
3,3.897034936671867,Thompson-Sampling
3,4.006328475109936,Thompson-Sampling
3,3.125071633621614,Thompson-Sampling
3,3.2147955359726774,Thompson-Sampling
3,2.8177806297011054,Thompson-Sampling
3,5.552726646283856,Thompson-Sampling
3,3.2354337394655523,Thompson-Sampling
3,3.2912606962197737,Thompson-Sampling
3,5.671585071154961,Thompson-Sampling
3,4.3757668135785295,Thompson-Sampling
3,3.399066225162842,Thompson-Sampling
3,4.252985598344278,Thompson-Sampling
3,3.748916059325063,Thompson-Sampling
3,4.015726642719134,Thompson-Sampling
3,3.4067357420568207,Thompson-Sampling
3,4.5257447700943345,Thompson-Sampling
3,3.0545750184730167,Thompson-Sampling
3,3.140147179322042,Thompson-Sampling
3,4.388970506258854,Thompson-Sampling
3,1.9927034692007157,Thompson-Sampling
3,3.614505615828948,Thompson-Sampling
3,5.308713772716082,Thompson-Sampling
3,4.961182959764751,Thompson-Sampling
3,3.6995379373556925,Thompson-Sampling
3,5.2940966778682075,Thompson-Sampling
3,4.27654175163745,Thompson-Sampling
3,2.6915080167413867,Thompson-Sampling
3,4.710651512885932,Thompson-Sampling
3,3.4776124204917225,Thompson-Sampling
3,5.20427321795498,Thompson-Sampling
3,2.2766797639532155,Thompson-Sampling
3,3.7044989865499343,Thompson-Sampling
3,4.748439552785001,Thompson-Sampling
3,2.0482251757371888,Thompson-Sampling
3,3.0821896533758375,Thompson-Sampling
3,3.09950693707743,Thompson-Sampling
3,2.2277416872835394,Thompson-Sampling
3,3.8941038205243563,Thompson-Sampling
3,4.493706593852004,Thompson-Sampling
3,3.904331633145939,Thompson-Sampling
3,3.7746161222379113,Thompson-Sampling
3,4.281128540098308,Thompson-Sampling
3,5.049490940205539,Thompson-Sampling
3,5.175081454034575,Thompson-Sampling
3,5.123532787780699,Thompson-Sampling
3,5.292028004163876,Thompson-Sampling
3,5.02974068751573,Thompson-Sampling
3,3.502809364344461,Thompson-Sampling
3,4.1084051427604145,Thompson-Sampling
3,4.6212189599227385,Thompson-Sampling
3,3.4563111025726174,Thompson-Sampling
3,4.258653697180416,Thompson-Sampling
3,3.885843787869122,Thompson-Sampling
3,2.679295019230864,Thompson-Sampling
3,5.810208556199216,Thompson-Sampling
3,2.7924589809246134,Thompson-Sampling
3,4.433496588672482,Thompson-Sampling
3,2.2292866141073264,Thompson-Sampling
3,4.618578760016083,Thompson-Sampling
3,3.6664844211333727,Thompson-Sampling
3,4.127567887095238,Thompson-Sampling
3,4.4810977903384925,Thompson-Sampling
3,6.646601044168739,Thompson-Sampling
3,3.5544090151502408,Thompson-Sampling
3,4.816950920872428,Thompson-Sampling
3,3.01669309710329,Thompson-Sampling
3,4.61809741951111,Thompson-Sampling
3,4.575065825666991,Thompson-Sampling
3,2.7487513603357296,Thompson-Sampling
3,2.625775270864745,Thompson-Sampling
3,5.814237636780149,Thompson-Sampling
3,4.489045733889155,Thompson-Sampling
3,3.5953884971983308,Thompson-Sampling
3,4.648490288900929,Thompson-Sampling
3,3.7076266382608623,Thompson-Sampling
3,3.5364399022128366,Thompson-Sampling
3,3.380609808918737,Thompson-Sampling
3,4.815660796800843,Thompson-Sampling
3,5.234202084303048,Thompson-Sampling
3,5.885582128293232,Thompson-Sampling
3,1.4102073118094096,Thompson-Sampling
3,4.367234687606338,Thompson-Sampling
3,2.9249020255306286,Thompson-Sampling
3,4.900487587850215,Thompson-Sampling
3,4.482881628646679,Thompson-Sampling
3,6.329339112749207,Thompson-Sampling
3,3.5569189899287297,Thompson-Sampling
3,3.9692287942083198,Thompson-Sampling
3,4.168189345673623,Thompson-Sampling
3,3.2165533836376494,Thompson-Sampling
3,2.9024490689943754,Thompson-Sampling
3,4.506134899431488,Thompson-Sampling
3,2.8112521428302615,Thompson-Sampling
3,5.723570197167084,Thompson-Sampling
3,4.333914865489346,Thompson-Sampling
3,2.125350453493004,Thompson-Sampling
3,4.659940423801137,Thompson-Sampling
3,3.7542481804689287,Thompson-Sampling
3,4.4145548029010016,Thompson-Sampling
3,4.339845462669467,Thompson-Sampling
3,4.8976610918620285,Thompson-Sampling
3,4.863525820064105,Thompson-Sampling
3,4.521700222319382,Thompson-Sampling
3,5.219583447421616,Thompson-Sampling
3,3.7203154510907646,Thompson-Sampling
3,5.376149127618594,Thompson-Sampling
3,3.8779220596621102,Thompson-Sampling
3,2.6852046118571926,Thompson-Sampling
3,4.431774600039001,Thompson-Sampling
3,3.867991663510913,Thompson-Sampling
3,2.8567885482680184,Thompson-Sampling
3,3.6251760641394104,Thompson-Sampling
3,4.92723880520284,Thompson-Sampling
3,4.649941327006171,Thompson-Sampling
3,3.8654818530670294,Thompson-Sampling
3,3.552382249693043,Thompson-Sampling
3,5.313610052546895,Thompson-Sampling
3,5.5008275713626045,Thompson-Sampling
3,3.9265064223586017,Thompson-Sampling
3,3.9318362032217626,Thompson-Sampling
3,4.516059790807278,Thompson-Sampling
3,5.473647393192159,Thompson-Sampling
3,4.056020938007599,Thompson-Sampling
3,4.755161830588847,Thompson-Sampling
3,3.788770480946911,Thompson-Sampling
3,3.219791159738519,Thompson-Sampling
3,5.066516304787499,Thompson-Sampling
3,4.410955770723998,Thompson-Sampling
3,3.370959038771808,Thompson-Sampling
3,3.5412517134257993,Thompson-Sampling
3,3.130117540996975,Thompson-Sampling
3,5.103048674866248,Thompson-Sampling
3,2.668043939835459,Thompson-Sampling
3,4.906711091124872,Thompson-Sampling
3,4.235098874768125,Thompson-Sampling
3,3.761551480422971,Thompson-Sampling
3,3.325204947131466,Thompson-Sampling
3,4.354908002014969,Thompson-Sampling
3,4.494117113225367,Thompson-Sampling
3,4.691849914410914,Thompson-Sampling
3,4.529206570744581,Thompson-Sampling
3,3.5481954577756203,Thompson-Sampling
3,6.187227547637626,Thompson-Sampling
3,3.1402092459014024,Thompson-Sampling
3,4.710015905978273,Thompson-Sampling
3,6.899196770118097,Thompson-Sampling
3,2.845214538546827,Thompson-Sampling
3,3.881488162269193,Thompson-Sampling
3,5.133254558858171,Thompson-Sampling
3,4.154178212010912,Thompson-Sampling
3,4.827844115299696,Thompson-Sampling
3,3.4503026777496686,Thompson-Sampling
3,3.9381014397996124,Thompson-Sampling
3,4.1998061888102685,Thompson-Sampling
3,2.9326245676509313,Thompson-Sampling
3,4.291837398680743,Thompson-Sampling
3,3.1317466438314936,Thompson-Sampling
3,4.399465188827118,Thompson-Sampling
3,1.7642523531536933,Thompson-Sampling
3,4.984512670169233,Thompson-Sampling
3,4.8681277499243265,Thompson-Sampling
3,3.505345496949372,Thompson-Sampling
3,2.677726261740287,Thompson-Sampling
3,4.003150095348423,Thompson-Sampling
3,4.25276381941808,Thompson-Sampling
3,3.9330136630992234,Thompson-Sampling
3,4.256403852207499,Thompson-Sampling
3,3.560846856341783,Thompson-Sampling
3,4.280377847478471,Thompson-Sampling
3,4.349946388280913,Thompson-Sampling
3,4.259101914782635,Thompson-Sampling
3,2.1515733312754763,Thompson-Sampling
3,3.351142478065451,Thompson-Sampling
3,4.62993329895778,Thompson-Sampling
3,1.4662297777307063,Thompson-Sampling
3,5.199373745052988,Thompson-Sampling
3,4.891140725500889,Thompson-Sampling
3,3.479254807588565,Thompson-Sampling
3,5.301353412537218,Thompson-Sampling
3,4.0225602586889275,Thompson-Sampling
3,6.202282630358878,Thompson-Sampling
3,3.582921516412363,Thompson-Sampling
3,4.882815147733744,Thompson-Sampling
3,2.6002829540751686,Thompson-Sampling
3,5.28341799611974,Thompson-Sampling
3,3.8921360557548783,Thompson-Sampling
3,4.958168870990495,Thompson-Sampling
3,5.2012647807670955,Thompson-Sampling
3,3.1323262199860546,Thompson-Sampling
3,3.5790514094746135,Thompson-Sampling
3,4.609328003997485,Thompson-Sampling
3,2.749069319164129,Thompson-Sampling
3,3.7666393936030422,Thompson-Sampling
3,3.850623842398547,Thompson-Sampling
3,3.444658023098606,Thompson-Sampling
3,3.545977787866135,Thompson-Sampling
3,4.893970494083715,Thompson-Sampling
3,3.3172396718679904,Thompson-Sampling
3,4.188195145821261,Thompson-Sampling
3,3.330608962812705,Thompson-Sampling
3,5.447996597300567,Thompson-Sampling
3,3.8437084681932845,Thompson-Sampling
3,2.960115934433605,Thompson-Sampling
3,5.615863223692297,Thompson-Sampling
3,3.6618628408195324,Thompson-Sampling
3,4.762895468663613,Thompson-Sampling
3,3.6929456451730536,Thompson-Sampling
3,4.941560323661038,Thompson-Sampling
3,6.838154638226111,Thompson-Sampling
3,3.86662550167091,Thompson-Sampling
3,3.830347739946286,Thompson-Sampling
3,2.0992814667727138,Thompson-Sampling
3,4.268903822300867,Thompson-Sampling
3,3.721237082222176,Thompson-Sampling
3,4.036610576204251,Thompson-Sampling
3,1.536801819187252,Thompson-Sampling
3,4.283259443115957,Thompson-Sampling
3,3.937861673799326,Thompson-Sampling
3,4.049121385997672,Thompson-Sampling
3,4.489355341814401,Thompson-Sampling
3,3.7906098067854628,Thompson-Sampling
3,3.6665371551830495,Thompson-Sampling
3,3.6954515140418622,Thompson-Sampling
3,4.177386638933562,Thompson-Sampling
3,2.2555123355758355,Thompson-Sampling
3,4.593435327754801,Thompson-Sampling
3,4.838325527276051,Thompson-Sampling
3,4.599490243962965,Thompson-Sampling
3,4.3009107084857785,Thompson-Sampling
3,3.0239314911255257,Thompson-Sampling
3,2.577033906263215,Thompson-Sampling
3,4.263776578482989,Thompson-Sampling
3,2.55777151890927,Thompson-Sampling
3,3.346978759780559,Thompson-Sampling
3,3.723151923429392,Thompson-Sampling
3,4.004066964597132,Thompson-Sampling
3,3.024696050156628,Thompson-Sampling
3,3.203979320706827,Thompson-Sampling
3,4.923334763087189,Thompson-Sampling
3,2.8236658272251542,Thompson-Sampling
3,3.533718513964774,Thompson-Sampling
3,2.0301794770622936,Thompson-Sampling
3,5.324360368133561,Thompson-Sampling
3,2.530650627008785,Thompson-Sampling
3,3.9732183951818096,Thompson-Sampling
3,3.6644419370200816,Thompson-Sampling
3,4.198643354246211,Thompson-Sampling
3,5.078339243250662,Thompson-Sampling
3,4.991527962238004,Thompson-Sampling
3,4.772811474693146,Thompson-Sampling
3,4.14972391709791,Thompson-Sampling
3,5.16943515755112,Thompson-Sampling
3,4.764881684050725,Thompson-Sampling
3,1.9485065610128705,Thompson-Sampling
3,4.277853336478001,Thompson-Sampling
3,3.3866459002466947,Thompson-Sampling
3,3.9950257897984573,Thompson-Sampling
3,5.108115027454622,Thompson-Sampling
3,4.4452095637505025,Thompson-Sampling
3,5.541531935389278,Thompson-Sampling
3,1.903911938179272,Thompson-Sampling
3,4.2196309007394035,Thompson-Sampling
3,3.149999944269096,Thompson-Sampling
3,3.065234895481232,Thompson-Sampling
3,3.8505196454830384,Thompson-Sampling
3,5.517550598845835,Thompson-Sampling
3,2.8254218677563347,Thompson-Sampling
3,2.4726760193667383,Thompson-Sampling
3,4.524337325720808,Thompson-Sampling
3,4.176769122729397,Thompson-Sampling
3,3.1083759355651837,Thompson-Sampling
3,4.126813496356556,Thompson-Sampling
3,2.8035223174525905,Thompson-Sampling
3,4.432071335086339,Thompson-Sampling
3,3.3587771641348705,Thompson-Sampling
3,2.9930336478554223,Thompson-Sampling
3,2.6692943851228215,Thompson-Sampling
3,5.098706497028259,Thompson-Sampling
3,4.268219626610194,Thompson-Sampling
3,3.100133008374575,Thompson-Sampling
3,4.888579318535812,Thompson-Sampling
3,5.015335462802487,Thompson-Sampling
3,4.233752509793188,Thompson-Sampling
3,4.9061363063541,Thompson-Sampling
3,1.8084697102513814,Thompson-Sampling
3,4.53601893304236,Thompson-Sampling
3,4.34027637152574,Thompson-Sampling
3,3.3934064866175664,Thompson-Sampling
3,4.361638998717185,Thompson-Sampling
3,3.492170052716414,Thompson-Sampling
3,3.7011803851122878,Thompson-Sampling
3,3.8098142645769277,Thompson-Sampling
3,3.002825192869645,Thompson-Sampling
3,4.185306887417897,Thompson-Sampling
3,3.285178925057026,Thompson-Sampling
3,4.595175476183371,Thompson-Sampling
3,3.272183043110749,Thompson-Sampling
3,4.383192191181502,Thompson-Sampling
3,3.1553683821157414,Thompson-Sampling
3,4.476632107118407,Thompson-Sampling
3,4.437295935320942,Thompson-Sampling
3,4.4300485266809835,Thompson-Sampling
3,3.754351540858428,Thompson-Sampling
3,4.37044843293499,Thompson-Sampling
3,2.654382951467508,Thompson-Sampling
3,4.74754325463261,Thompson-Sampling
3,4.489442420742095,Thompson-Sampling
3,4.889533336121205,Thompson-Sampling
3,3.8432491314801127,Thompson-Sampling
3,6.626722809718954,Thompson-Sampling
3,4.244485321403734,Thompson-Sampling
3,2.8168551299110645,Thompson-Sampling
3,2.935874969152681,Thompson-Sampling
3,3.8495629404440583,Thompson-Sampling
3,2.581172739753028,Thompson-Sampling
3,4.952204653666801,Thompson-Sampling
3,4.260280372885257,Thompson-Sampling
3,4.644595584034557,Thompson-Sampling
3,4.277776860686495,Thompson-Sampling
3,3.686621108417433,Thompson-Sampling
3,3.128516809126529,Thompson-Sampling
3,5.136540319801867,Thompson-Sampling
3,3.371764290705852,Thompson-Sampling
3,5.179968831979096,Thompson-Sampling
3,3.1581717441436554,Thompson-Sampling
3,2.2201515623772146,Thompson-Sampling
3,3.3839351102390007,Thompson-Sampling
3,3.7027444479738563,Thompson-Sampling
3,4.460999127556246,Thompson-Sampling
3,3.988085130242771,Thompson-Sampling
3,3.097754623742669,Thompson-Sampling
3,1.8165688621964087,Thompson-Sampling
3,3.879257613733768,Thompson-Sampling
3,3.375619870786794,Thompson-Sampling
3,1.0502614615226644,Thompson-Sampling
3,2.4114034232168207,Thompson-Sampling
3,5.198347242592004,Thompson-Sampling
3,4.036953092661438,Thompson-Sampling
3,4.649025981202466,Thompson-Sampling
3,5.282809819865262,Thompson-Sampling
3,5.3000245410716245,Thompson-Sampling
3,4.005468405978078,Thompson-Sampling
3,5.338937544714727,Thompson-Sampling
3,6.3053098265731276,Thompson-Sampling
3,2.6060860324413877,Thompson-Sampling
3,4.7570491856236705,Thompson-Sampling
3,3.392876075557299,Thompson-Sampling
3,2.8423551046231417,Thompson-Sampling
3,3.2067587929000756,Thompson-Sampling
3,5.298519883085487,Thompson-Sampling
3,3.8663220678266703,Thompson-Sampling
3,2.2761443398496004,Thompson-Sampling
3,4.903555235871339,Thompson-Sampling
3,3.282569707083562,Thompson-Sampling
3,3.483321001730038,Thompson-Sampling
3,4.984851658166534,Thompson-Sampling
3,3.2523792122143855,Thompson-Sampling
3,4.1587010292906825,Thompson-Sampling
3,4.875986545836123,Thompson-Sampling
3,3.6578881087284576,Thompson-Sampling
3,4.096159651040158,Thompson-Sampling
3,4.560954374899017,Thompson-Sampling
3,2.7644041577204685,Thompson-Sampling
3,3.8912609499318322,Thompson-Sampling
3,1.827992955775243,Thompson-Sampling
3,2.1132034158087,Thompson-Sampling
3,4.209862699050746,Thompson-Sampling
3,3.4842591669684344,Thompson-Sampling
3,4.661554039845585,Thompson-Sampling
3,3.067922380300425,Thompson-Sampling
3,4.674955029785625,Thompson-Sampling
3,3.6620257699530376,Thompson-Sampling
3,1.3731604352286801,Thompson-Sampling
3,4.386383276469302,Thompson-Sampling
3,5.627210130147065,Thompson-Sampling
3,3.039843039382137,Thompson-Sampling
3,5.012331761038328,Thompson-Sampling
3,4.322098137113296,Thompson-Sampling
3,2.983023951962269,Thompson-Sampling
3,5.095470899299848,Thompson-Sampling
3,4.508248861442373,Thompson-Sampling
3,4.154068639621554,Thompson-Sampling
3,4.508943283396193,Thompson-Sampling
3,4.53657449444542,Thompson-Sampling
3,3.1554931302220193,Thompson-Sampling
3,3.279190162881143,Thompson-Sampling
3,5.3565652205494,Thompson-Sampling
3,5.293752754546723,Thompson-Sampling
3,3.8899720095209056,Thompson-Sampling
3,5.033275180320235,Thompson-Sampling
3,3.489943155874123,Thompson-Sampling
3,4.2449123053708355,Thompson-Sampling
3,4.193300799992969,Thompson-Sampling
3,4.307351147611227,Thompson-Sampling
3,2.918436635355641,Thompson-Sampling
3,3.0708959361390895,Thompson-Sampling
3,2.229736036177747,Thompson-Sampling
3,3.53351402333158,Thompson-Sampling
3,3.7813346448566367,Thompson-Sampling
3,4.868755945624676,Thompson-Sampling
3,5.076982367669957,Thompson-Sampling
3,4.792098994666737,Thompson-Sampling
3,5.282641324208658,Thompson-Sampling
3,4.794232749789578,Thompson-Sampling
3,4.431004110051463,Thompson-Sampling
3,3.970986366770404,Thompson-Sampling
3,2.337419254150184,Thompson-Sampling
3,3.8295673270109374,Thompson-Sampling
3,3.9666684516854387,Thompson-Sampling
3,1.9514646478385118,Thompson-Sampling
3,5.042930737647775,Thompson-Sampling
3,2.399393789454819,Thompson-Sampling
3,1.838143053857856,Thompson-Sampling
3,4.685700216134213,Thompson-Sampling
3,4.610068375848398,Thompson-Sampling
3,2.8940670499315564,Thompson-Sampling
3,5.2910756249800635,Thompson-Sampling
3,3.4896106861288776,Thompson-Sampling
3,2.4715507521558076,Thompson-Sampling
3,5.033404525845512,Thompson-Sampling
3,4.53043030101907,Thompson-Sampling
3,5.158328706639231,Thompson-Sampling
3,4.358388840665551,Thompson-Sampling
3,3.24913982435249,Thompson-Sampling
3,4.808580821660881,Thompson-Sampling
3,2.880730166588924,Thompson-Sampling
3,2.7530589343121035,Thompson-Sampling
3,4.505323167839589,Thompson-Sampling
3,4.830495301936988,Thompson-Sampling
3,4.128822797200195,Thompson-Sampling
3,4.623231473558179,Thompson-Sampling
3,4.452963924490325,Thompson-Sampling
3,3.5118671242845245,Thompson-Sampling
3,3.34479509208077,Thompson-Sampling
3,3.9571145369865555,Thompson-Sampling
3,4.773408919982736,Thompson-Sampling
3,4.924022966022066,Thompson-Sampling
3,4.240621896976039,Thompson-Sampling
3,3.948107206618982,Thompson-Sampling
3,5.826745290385161,Thompson-Sampling
3,2.1907634394815156,Thompson-Sampling
3,4.364901553981379,Thompson-Sampling
3,3.788642382629773,Thompson-Sampling
3,2.8248368781060473,Thompson-Sampling
3,3.7867822558251616,Thompson-Sampling
3,4.782760512914244,Thompson-Sampling
3,2.793190920843066,Thompson-Sampling
3,4.616527792623307,Thompson-Sampling
3,3.4219273625263975,Thompson-Sampling
3,3.1627931800043987,Thompson-Sampling
3,3.3264678818968076,Thompson-Sampling
3,5.147136521554316,Thompson-Sampling
3,2.651468098413912,Thompson-Sampling
3,4.546843698764019,Thompson-Sampling
3,4.866421741153825,Thompson-Sampling
3,4.233323629739662,Thompson-Sampling
3,7.268834502822803,Thompson-Sampling
3,4.288643650468806,Thompson-Sampling
3,4.081148638974505,Thompson-Sampling
3,3.387431982196038,Thompson-Sampling
3,3.295831814390044,Thompson-Sampling
3,4.719079447942173,Thompson-Sampling
3,3.3253136397151524,Thompson-Sampling
3,2.359874909165227,Thompson-Sampling
3,3.7372410012765522,Thompson-Sampling
3,2.577617486257437,Thompson-Sampling
3,2.86391785571939,Thompson-Sampling
3,3.7943135104425507,Thompson-Sampling
3,3.0985813863914067,Thompson-Sampling
3,5.012836812212429,Thompson-Sampling
3,3.3008026163134194,Thompson-Sampling
3,4.1591594333953985,Thompson-Sampling
3,3.661596078478686,Thompson-Sampling
3,2.9799468107732046,Thompson-Sampling
3,5.141127867798765,Thompson-Sampling
3,6.548878293506032,Thompson-Sampling
3,6.154971907472337,Thompson-Sampling
3,1.954870562473824,Thompson-Sampling
3,3.9405871333780897,Thompson-Sampling
3,5.681319662084806,Thompson-Sampling
3,5.043386712488472,Thompson-Sampling
3,5.2060658714919,Thompson-Sampling
3,4.997409901540597,Thompson-Sampling
3,4.69449105984373,Thompson-Sampling
3,4.174924635097079,Thompson-Sampling
3,3.2484573672561368,Thompson-Sampling
3,4.533359922277053,Thompson-Sampling
3,5.089415777071029,Thompson-Sampling
3,5.022424359474805,Thompson-Sampling
3,3.0946317397110037,Thompson-Sampling
3,3.676551087013114,Thompson-Sampling
3,4.096655235690056,Thompson-Sampling
3,3.2825934560808423,Thompson-Sampling
3,2.4836702486583,Thompson-Sampling
3,3.3170514315788333,Thompson-Sampling
3,5.5947684309111,Thompson-Sampling
3,2.8610073663926854,Thompson-Sampling
3,4.698526428587641,Thompson-Sampling
3,3.0323722839250142,Thompson-Sampling
3,6.049584298035392,Thompson-Sampling
3,2.5880201872685467,Thompson-Sampling
3,2.874058484302561,Thompson-Sampling
3,5.409857346548437,Thompson-Sampling
3,4.123039000233624,Thompson-Sampling
3,2.707906266286267,Thompson-Sampling
3,4.69556454574071,Thompson-Sampling
3,4.690291190323772,Thompson-Sampling
3,4.782740019509108,Thompson-Sampling
3,4.136350465051718,Thompson-Sampling
3,5.082379604523217,Thompson-Sampling
3,6.541228505585305,Thompson-Sampling
3,2.7144521684068157,Thompson-Sampling
3,4.5335840327692285,Thompson-Sampling
3,3.881152122971578,Thompson-Sampling
3,4.3945515656914615,Thompson-Sampling
3,5.06585512630451,Thompson-Sampling
3,3.7220904922584954,Thompson-Sampling
3,3.3652295062800768,Thompson-Sampling
3,3.8238461640566017,Thompson-Sampling
3,3.4976775891450957,Thompson-Sampling
3,2.375119165103529,Thompson-Sampling
3,2.943562060618719,Thompson-Sampling
3,3.758034475210311,Thompson-Sampling
3,2.200883932226906,Thompson-Sampling
3,4.024728283121403,Thompson-Sampling
3,5.602404822940511,Thompson-Sampling
3,4.878389061267461,Thompson-Sampling
3,2.6197827533543956,Thompson-Sampling
3,4.9729726055252215,Thompson-Sampling
3,2.8143324249410044,Thompson-Sampling
3,2.0651710306562667,Thompson-Sampling
3,3.4334705148269835,Thompson-Sampling
3,4.149547200809382,Thompson-Sampling
3,4.096623435732295,Thompson-Sampling
3,2.4140159691773824,Thompson-Sampling
3,4.274002219563119,Thompson-Sampling
3,3.867735651690298,Thompson-Sampling
3,3.6476247609747543,Thompson-Sampling
3,4.48258356881859,Thompson-Sampling
3,3.179856492727506,Thompson-Sampling
3,1.8447555817713375,Thompson-Sampling
3,3.8589301525308732,Thompson-Sampling
3,2.76788667363762,Thompson-Sampling
3,4.059041760090695,Thompson-Sampling
3,5.562959567161913,Thompson-Sampling
3,3.3764275568943916,Thompson-Sampling
3,3.6469403867442027,Thompson-Sampling
3,4.589213981590824,Thompson-Sampling
3,3.768704496411549,Thompson-Sampling
3,4.0054063336734504,Thompson-Sampling
3,3.08299399133753,Thompson-Sampling
3,3.2570405920798047,Thompson-Sampling
3,3.712871548286522,Thompson-Sampling
3,5.746155354578333,Thompson-Sampling
3,2.774219155707713,Thompson-Sampling
3,5.30931970306373,Thompson-Sampling
3,2.802646244882097,Thompson-Sampling
3,4.4232859040532455,Thompson-Sampling
3,4.000771607952768,Thompson-Sampling
3,3.891160198384136,Thompson-Sampling
3,3.6407620073045828,Thompson-Sampling
3,3.5497090118655215,Thompson-Sampling
3,4.978129516993239,Thompson-Sampling
3,4.6628684319570395,Thompson-Sampling
3,3.118168635567056,Thompson-Sampling
3,5.3580741302031925,Thompson-Sampling
3,4.426429835145434,Thompson-Sampling
3,3.3336180910021667,Thompson-Sampling
3,3.9283698893714267,Thompson-Sampling
3,4.182328298106548,Thompson-Sampling
3,5.0665324904853275,Thompson-Sampling
3,3.2102133083028757,Thompson-Sampling
3,4.234222166274438,Thompson-Sampling
3,3.022817704607764,Thompson-Sampling
3,3.6870616690193834,Thompson-Sampling
3,4.351925864789346,Thompson-Sampling
3,3.005023289384199,Thompson-Sampling
3,2.6027580143374323,Thompson-Sampling
3,2.110412562126349,Thompson-Sampling
3,4.478004463104946,Thompson-Sampling
3,3.6270330785376004,Thompson-Sampling
3,3.7376377188478425,Thompson-Sampling
3,3.439394296695113,Thompson-Sampling
3,3.528043210053389,Thompson-Sampling
3,2.1561516605855013,Thompson-Sampling
3,5.009592045679939,Thompson-Sampling
3,3.7047049916073695,Thompson-Sampling
3,3.2833987174828096,Thompson-Sampling
3,4.43323667936615,Thompson-Sampling
3,4.465084991377998,Thompson-Sampling
3,3.7087996536457184,Thompson-Sampling
3,3.138444260678762,Thompson-Sampling
3,3.975701060781192,Thompson-Sampling
3,1.4412954661197235,Thompson-Sampling
3,4.6523110621736805,Thompson-Sampling
3,5.131166897614796,Thompson-Sampling
3,3.680668411620708,Thompson-Sampling
3,4.386056100450027,Thompson-Sampling
3,3.825936846886191,Thompson-Sampling
3,4.488638064636563,Thompson-Sampling
3,4.5041541745558655,Thompson-Sampling
3,3.6667724573079976,Thompson-Sampling
3,4.0205757608418535,Thompson-Sampling
3,5.082023531819125,Thompson-Sampling
3,4.52339711759698,Thompson-Sampling
3,4.578873573644387,Thompson-Sampling
3,5.520381462379918,Thompson-Sampling
3,3.69020906044664,Thompson-Sampling
3,3.2207069330474973,Thompson-Sampling
3,3.5073456546424167,Thompson-Sampling
3,4.198942805863414,Thompson-Sampling
3,4.664876472050558,Thompson-Sampling
3,3.737382702680118,Thompson-Sampling
3,5.3441078456831725,Thompson-Sampling
3,5.0283666753315215,Thompson-Sampling
3,2.1402433541843475,Thompson-Sampling
3,3.353323067733842,Thompson-Sampling
3,4.890609571379512,Thompson-Sampling
3,4.649186973867315,Thompson-Sampling
3,2.2857523644314313,Thompson-Sampling
3,3.4374796411836046,Thompson-Sampling
3,4.537530127319687,Thompson-Sampling
3,3.7168169633981423,Thompson-Sampling
3,4.482156675764115,Thompson-Sampling
3,3.228629844216055,Thompson-Sampling
3,3.3986946365241244,Thompson-Sampling
3,4.980013591636773,Thompson-Sampling
3,3.628770123540435,Thompson-Sampling
3,4.060756758030497,Thompson-Sampling
3,3.3040857612851062,Thompson-Sampling
3,4.848078131756392,Thompson-Sampling
3,3.5080732310784004,Thompson-Sampling
3,2.4675509974835963,Thompson-Sampling
3,4.247477829166043,Thompson-Sampling
3,4.588477628805379,Thompson-Sampling
3,4.2656819349277395,Thompson-Sampling
3,4.198447762210278,Thompson-Sampling
3,3.497455403267083,Thompson-Sampling
3,3.87235519741135,Thompson-Sampling
3,4.807631211520491,Thompson-Sampling
3,4.951001702038912,Thompson-Sampling
3,4.297474507445391,Thompson-Sampling
3,2.7571412082399034,Thompson-Sampling
3,3.7588222388814962,Thompson-Sampling
3,3.9402505174721774,Thompson-Sampling
3,4.79628128829971,Thompson-Sampling
3,2.7360237454720373,Thompson-Sampling
3,2.737484620086713,Thompson-Sampling
3,4.46605910004426,Thompson-Sampling
3,2.825094300907037,Thompson-Sampling
3,3.477401966692138,Thompson-Sampling
3,2.234786463113295,Thompson-Sampling
3,5.5448217361758125,Thompson-Sampling
3,3.9625631699597137,Thompson-Sampling
3,5.201523432255301,Thompson-Sampling
3,3.982573303870903,Thompson-Sampling
3,4.653864878835178,Thompson-Sampling
3,2.5984538090559095,Thompson-Sampling
3,2.8880173870426527,Thompson-Sampling
3,4.683505742582845,Thompson-Sampling
3,4.831279676406817,Thompson-Sampling
3,3.6305067242479203,Thompson-Sampling
3,2.671326481175699,Thompson-Sampling
3,3.5658686552153105,Thompson-Sampling
3,1.776216212283519,Thompson-Sampling
3,1.8065631757608909,Thompson-Sampling
3,4.165689421462407,Thompson-Sampling
3,2.8741910189542272,Thompson-Sampling
3,4.766932898877222,Thompson-Sampling
3,3.447828768345754,Thompson-Sampling
3,5.22996030369522,Thompson-Sampling
3,3.1245438324332646,Thompson-Sampling
3,3.721086034977259,Thompson-Sampling
3,5.611664986894943,Thompson-Sampling
3,5.14602740164915,Thompson-Sampling
3,3.115307319424338,Thompson-Sampling
3,3.556867075258088,Thompson-Sampling
3,5.838422836309446,Thompson-Sampling
3,3.2989555822568453,Thompson-Sampling
3,3.2734044286746773,Thompson-Sampling
3,5.448259878440324,Thompson-Sampling
3,4.705875059968038,Thompson-Sampling
3,4.123408882982408,Thompson-Sampling
3,6.0742759856371205,Thompson-Sampling
3,3.5572946160348797,Thompson-Sampling
3,3.723533512345466,Thompson-Sampling
3,4.491162763320541,Thompson-Sampling
3,4.2260734677016645,Thompson-Sampling
3,3.7265982440567185,Thompson-Sampling
3,4.237404971253159,Thompson-Sampling
3,4.5020809773625095,Thompson-Sampling
3,3.2458617155492964,Thompson-Sampling
3,3.499806208068766,Thompson-Sampling
3,3.3213796736276864,Thompson-Sampling
3,2.7857578139205255,Thompson-Sampling
3,3.094079557535961,Thompson-Sampling
3,2.57709734696067,Thompson-Sampling
3,5.031040957678115,Thompson-Sampling
3,4.981844845805985,Thompson-Sampling
3,2.289082932278218,Thompson-Sampling
3,2.388343830379653,Thompson-Sampling
3,4.503127638287901,Thompson-Sampling
3,3.411361284087981,Thompson-Sampling
3,4.388751519059203,Thompson-Sampling
3,3.2604153546002625,Thompson-Sampling
3,2.389196034104293,Thompson-Sampling
3,4.17494797450846,Thompson-Sampling
3,2.86416962284352,Thompson-Sampling
3,2.8546294201545983,Thompson-Sampling
3,5.954442736704438,Thompson-Sampling
3,3.7841018267398723,Thompson-Sampling
3,3.43224575082453,Thompson-Sampling
3,4.8512769190940555,Thompson-Sampling
3,3.1664108288362076,Thompson-Sampling
3,2.956779227746047,Thompson-Sampling
3,4.6994952816200355,Thompson-Sampling
3,3.7883597837959977,Thompson-Sampling
3,2.24245259641635,Thompson-Sampling
3,4.102969848879553,Thompson-Sampling
3,2.742628483838832,Thompson-Sampling
3,4.387214078858973,Thompson-Sampling
3,3.976828681562704,Thompson-Sampling
3,2.8392737997488364,Thompson-Sampling
3,4.117518139453016,Thompson-Sampling
3,3.505932489592435,Thompson-Sampling
3,3.06642209848058,Thompson-Sampling
3,4.4923237900270765,Thompson-Sampling
3,4.592773640174874,Thompson-Sampling
3,4.520335263446964,Thompson-Sampling
3,3.7045262077889345,Thompson-Sampling
3,3.744940876204094,Thompson-Sampling
3,5.023044111151886,Thompson-Sampling
3,4.908506484084054,Thompson-Sampling
3,4.459587247032636,Thompson-Sampling
3,5.004788036964643,Thompson-Sampling
3,2.9394655733868444,Thompson-Sampling
3,3.6546116185497777,Thompson-Sampling
3,4.560731753549322,Thompson-Sampling
3,2.435851661998686,Thompson-Sampling
3,4.452563863186053,Thompson-Sampling
3,5.986176785012984,Thompson-Sampling
3,5.730796566167691,Thompson-Sampling
3,3.5394313993452595,Thompson-Sampling
3,4.233991690447328,Thompson-Sampling
3,3.7502648107177743,Thompson-Sampling
3,5.272324721759108,Thompson-Sampling
3,1.4539667303262052,Thompson-Sampling
3,3.352996595323997,Thompson-Sampling
3,3.6657094095438327,Thompson-Sampling
3,4.555233239042332,Thompson-Sampling
3,4.5125120987885525,Thompson-Sampling
3,5.15965508152761,Thompson-Sampling
3,4.285805125739794,Thompson-Sampling
3,2.3609730819858834,Thompson-Sampling
3,5.8410766220911725,Thompson-Sampling
3,5.590114109098474,Thompson-Sampling
3,3.4841786573539677,Thompson-Sampling
3,4.108991199791649,Thompson-Sampling
3,4.585900029782341,Thompson-Sampling
3,2.4924097458155696,Thompson-Sampling
3,3.772784945782268,Thompson-Sampling
3,4.873663845981956,Thompson-Sampling
3,4.18256854373364,Thompson-Sampling
3,3.2185468203829988,Thompson-Sampling
3,3.0080333925534304,Thompson-Sampling
3,4.538738045021986,Thompson-Sampling
3,2.831645466974164,Thompson-Sampling
3,4.747408779556176,Thompson-Sampling
3,5.98651924408727,Thompson-Sampling
3,4.638695481842225,Thompson-Sampling
3,4.03761688927482,Thompson-Sampling
3,4.403251104040343,Thompson-Sampling
3,3.0241080425880056,Thompson-Sampling
3,5.165361087208768,Thompson-Sampling
3,4.284859869603569,Thompson-Sampling
3,3.0196917641810543,Thompson-Sampling
3,2.8017098866306878,Thompson-Sampling
3,4.024427761060206,Thompson-Sampling
3,5.730012705551371,Thompson-Sampling
3,2.939143076478398,Thompson-Sampling
3,4.662430444023489,Thompson-Sampling
3,1.0784165295964017,Thompson-Sampling
3,3.174173682217034,Thompson-Sampling
3,5.072927779792445,Thompson-Sampling
3,3.0489464067179193,Thompson-Sampling
3,2.945244489023648,Thompson-Sampling
3,3.734767873045514,Thompson-Sampling
3,4.03105826986751,Thompson-Sampling
3,4.7944281999250915,Thompson-Sampling
3,3.8643937097559133,Thompson-Sampling
3,5.163366412849985,Thompson-Sampling
3,4.638345240750342,Thompson-Sampling
3,4.407037238906051,Thompson-Sampling
3,4.455076538103926,Thompson-Sampling
3,3.036226466476861,Thompson-Sampling
3,3.055796367746694,Thompson-Sampling
3,3.4178174697445254,Thompson-Sampling
3,5.434717704970502,Thompson-Sampling
3,3.3217606458585087,Thompson-Sampling
3,5.801964298916013,Thompson-Sampling
3,5.42487803111841,Thompson-Sampling
3,4.257627388572312,Thompson-Sampling
3,5.9007921258971825,Thompson-Sampling
3,2.1644076383106987,Thompson-Sampling
3,5.746091397477494,Thompson-Sampling
3,2.074896112077591,Thompson-Sampling
3,2.7806799512861744,Thompson-Sampling
3,5.0053841412642495,Thompson-Sampling
3,5.5001389738898805,Thompson-Sampling
3,6.394338149927228,Thompson-Sampling
3,4.150330088788681,Thompson-Sampling
3,4.6590932693068945,Thompson-Sampling
3,6.524076534681664,Thompson-Sampling
3,4.272862055940721,Thompson-Sampling
3,4.799839022089703,Thompson-Sampling
3,2.8413617025356848,Thompson-Sampling
3,4.043106313005825,Thompson-Sampling
3,5.335455507137173,Thompson-Sampling
3,3.5817693812614033,Thompson-Sampling
3,4.142483901863931,Thompson-Sampling
3,6.2561835878417495,Thompson-Sampling
3,2.8257583120246426,Thompson-Sampling
3,5.458832412775188,Thompson-Sampling
3,4.861581369280886,Thompson-Sampling
3,3.4850774840975225,Thompson-Sampling
3,4.094558817468966,Thompson-Sampling
3,5.195305467838936,Thompson-Sampling
3,2.1897308434144085,Thompson-Sampling
3,2.5791685244560525,Thompson-Sampling
3,5.185478477579995,Thompson-Sampling
3,4.434447932139912,Thompson-Sampling
3,4.298443283536491,Thompson-Sampling
3,3.336199305732847,Thompson-Sampling
3,5.090521643752373,Thompson-Sampling
3,3.735839815428928,Thompson-Sampling
3,2.752365258916474,Thompson-Sampling
3,3.114736223678043,Thompson-Sampling
3,4.352536488917749,Thompson-Sampling
3,3.9488138109021143,Thompson-Sampling
3,5.297162141162622,Thompson-Sampling
3,2.9685316724078623,Thompson-Sampling
3,3.7661138619467303,Thompson-Sampling
3,6.35074736921425,Thompson-Sampling
3,1.0351638560489436,Thompson-Sampling
3,5.045195648713763,Thompson-Sampling
3,2.542583124015912,Thompson-Sampling
3,2.9897272165440683,Thompson-Sampling
3,3.7831286416513303,Thompson-Sampling
3,3.6648460061448676,Thompson-Sampling
3,5.747282017981284,Thompson-Sampling
3,3.0510992530608028,Thompson-Sampling
3,3.792381027749296,Thompson-Sampling
3,3.5899588836327854,Thompson-Sampling
3,4.983519868295032,Thompson-Sampling
3,3.51161657099698,Thompson-Sampling
3,3.1346358378025196,Thompson-Sampling
3,4.914930716262931,Thompson-Sampling
3,3.7929726225695726,Thompson-Sampling
3,3.40882508589487,Thompson-Sampling
3,5.939862658330217,Thompson-Sampling
3,4.556264629853511,Thompson-Sampling
3,4.957195142723126,Thompson-Sampling
3,3.3907330947303214,Thompson-Sampling
3,5.327121919017643,Thompson-Sampling
3,3.435779656077864,Thompson-Sampling
3,4.686384339114805,Thompson-Sampling
3,5.29524734702429,Thompson-Sampling
3,4.021137654562294,Thompson-Sampling
3,3.4846669730269744,Thompson-Sampling
3,4.475972907870686,Thompson-Sampling
3,3.575351767399164,Thompson-Sampling
3,3.3229899409793937,Thompson-Sampling
3,4.818761359231572,Thompson-Sampling
3,3.055081926318934,Thompson-Sampling
3,2.625016245990637,Thompson-Sampling
3,3.9381436214414265,Thompson-Sampling
3,4.010497757472842,Thompson-Sampling
3,5.052783296886906,Thompson-Sampling
3,5.431917978980349,Thompson-Sampling
3,3.477967053774342,Thompson-Sampling
3,4.776862175033337,Thompson-Sampling
3,5.174741517712041,Thompson-Sampling
3,6.009427043547664,Thompson-Sampling
3,3.546571135180772,Thompson-Sampling
3,3.788051535982523,Thompson-Sampling
3,2.7183742608578987,Thompson-Sampling
3,4.169138756731627,Thompson-Sampling
3,4.007712346358789,Thompson-Sampling
3,2.5342162651948796,Thompson-Sampling
3,3.9845397336763466,Thompson-Sampling
3,3.702733929617759,Thompson-Sampling
3,4.27112424927846,Thompson-Sampling
3,2.723789349452667,Thompson-Sampling
3,2.8169925118294303,Thompson-Sampling
3,0.3753837404129188,Thompson-Sampling
3,6.040542474586675,Thompson-Sampling
3,4.868577180056779,Thompson-Sampling
3,2.0154503028239974,Thompson-Sampling
3,4.397915925117354,Thompson-Sampling
3,3.347536699284867,Thompson-Sampling
3,4.298477181223071,Thompson-Sampling
3,4.632031607682025,Thompson-Sampling
3,3.686127679642473,Thompson-Sampling
3,2.9589544632638196,Thompson-Sampling
3,3.8930384973794583,Thompson-Sampling
3,6.056756810839491,Thompson-Sampling
3,3.66350425796273,Thompson-Sampling
3,5.578413277531297,Thompson-Sampling
3,2.3578274238181907,Thompson-Sampling
3,4.40625468135994,Thompson-Sampling
3,4.1550488513939055,Thompson-Sampling
3,3.278289556381578,Thompson-Sampling
3,2.570014509865331,Thompson-Sampling
3,3.936767593055159,Thompson-Sampling
3,4.479166030260735,Thompson-Sampling
3,4.065236989982886,Thompson-Sampling
3,2.948574501031303,Thompson-Sampling
3,4.047890921866819,Thompson-Sampling
3,3.7024507526386192,Thompson-Sampling
3,3.593342883544992,Thompson-Sampling
3,5.128278646729087,Thompson-Sampling
3,4.559810221173343,Thompson-Sampling
3,3.4435286472208233,Thompson-Sampling
3,5.985416135725154,Thompson-Sampling
3,3.575527626767379,Thompson-Sampling
3,4.561628636384896,Thompson-Sampling
3,4.766127103540281,Thompson-Sampling
3,4.694016425529196,Thompson-Sampling
3,6.2207048606741004,Thompson-Sampling
3,3.2294951296404726,Thompson-Sampling
3,4.333280035722474,Thompson-Sampling
3,3.107768713343262,Thompson-Sampling
3,2.451401898133212,Thompson-Sampling
3,3.680217150669264,Thompson-Sampling
3,2.424488652328053,Thompson-Sampling
3,4.810674516715495,Thompson-Sampling
3,4.697115200727183,Thompson-Sampling
3,1.713085351001435,Thompson-Sampling
3,5.175228886191322,Thompson-Sampling
3,3.522695181370006,Thompson-Sampling
3,3.696924182135507,Thompson-Sampling
3,4.843498001293221,Thompson-Sampling
3,5.872044479204438,Thompson-Sampling
3,3.62891907917861,Thompson-Sampling
3,3.272319305021483,Thompson-Sampling
3,4.958122718239891,Thompson-Sampling
3,3.319774841931842,Thompson-Sampling
3,3.903414253987176,Thompson-Sampling
3,2.9107009107269177,Thompson-Sampling
3,3.813926343092094,Thompson-Sampling
3,5.985091155936354,Thompson-Sampling
3,6.345848334219989,Thompson-Sampling
3,3.117405933802895,Thompson-Sampling
3,4.457257348007291,Thompson-Sampling
3,4.272791861922122,Thompson-Sampling
3,3.0914164755139173,Thompson-Sampling
3,2.9503561527662194,Thompson-Sampling
3,3.5893186637561763,Thompson-Sampling
3,4.517511658718403,Thompson-Sampling
3,4.687436590170588,Thompson-Sampling
3,2.486241702389262,Thompson-Sampling
3,4.222425842353569,Thompson-Sampling
3,3.1851229478371255,Thompson-Sampling
3,3.7623664566226696,Thompson-Sampling
3,3.4027747694862183,Thompson-Sampling
3,2.5930342383927494,Thompson-Sampling
3,2.52900959698283,Thompson-Sampling
3,4.794561636078833,Thompson-Sampling
3,4.607306950866544,Thompson-Sampling
3,6.9262074247160585,Thompson-Sampling
3,4.812756837129899,Thompson-Sampling
3,2.732363487127941,Thompson-Sampling
3,2.9880436040044787,Thompson-Sampling
3,3.675076407221449,Thompson-Sampling
3,4.137651325062071,Thompson-Sampling
3,4.100959729525868,Thompson-Sampling
3,1.815897083146306,Thompson-Sampling
3,5.539191669872963,Thompson-Sampling
3,3.1471977785908773,Thompson-Sampling
3,3.4927369685135847,Thompson-Sampling
3,4.302968718077294,Thompson-Sampling
3,3.176772661229537,Thompson-Sampling
3,3.7339849626523995,Thompson-Sampling
3,3.5424605186352136,Thompson-Sampling
3,3.6508566349923925,Thompson-Sampling
3,2.898861206263337,Thompson-Sampling
3,2.00740709406066,Thompson-Sampling
3,3.369354891653759,Thompson-Sampling
3,3.792172670989984,Thompson-Sampling
3,3.09246278214464,Thompson-Sampling
3,4.405243119280542,Thompson-Sampling
3,3.7504925747907647,Thompson-Sampling
3,4.487649473576871,Thompson-Sampling
3,4.002764061888764,Thompson-Sampling
3,4.492882625523189,Thompson-Sampling
3,2.206534776611168,Thompson-Sampling
3,3.7610688666553758,Thompson-Sampling
3,5.012538678493984,Thompson-Sampling
3,5.111144492815685,Thompson-Sampling
3,4.5320498739415065,Thompson-Sampling
3,5.415824765354338,Thompson-Sampling
3,2.8668136390787735,Thompson-Sampling
3,3.1540284931911704,Thompson-Sampling
3,3.867320889948451,Thompson-Sampling
3,4.456357763967093,Thompson-Sampling
3,2.424151455342334,Thompson-Sampling
3,4.991672530849669,Thompson-Sampling
3,1.9198346769352534,Thompson-Sampling
3,3.6557586411047183,Thompson-Sampling
3,5.529058781090214,Thompson-Sampling
3,5.898498226630442,Thompson-Sampling
3,2.9064422050014995,Thompson-Sampling
3,4.0326597000254925,Thompson-Sampling
3,4.33636626912608,Thompson-Sampling
3,2.914839105448234,Thompson-Sampling
3,2.6500097516740855,Thompson-Sampling
3,4.112971999972972,Thompson-Sampling
3,4.986801627544007,Thompson-Sampling
3,5.367783027249518,Thompson-Sampling
3,4.327065540840065,Thompson-Sampling
3,4.478633942133763,Thompson-Sampling
3,5.628694881323386,Thompson-Sampling
3,2.4696814664512488,Thompson-Sampling
3,2.121623644720566,Thompson-Sampling
3,1.148729582124465,Thompson-Sampling
3,1.0437769743571557,Thompson-Sampling
3,2.7865346632933976,Thompson-Sampling
3,3.7006596665620655,Thompson-Sampling
3,3.7987540591292546,Thompson-Sampling
3,4.593678019960218,Thompson-Sampling
3,5.22216123904599,Thompson-Sampling
3,2.6452502670589015,Thompson-Sampling
3,4.235018509800544,Thompson-Sampling
3,3.6913010296686997,Thompson-Sampling
3,2.996289205986733,Thompson-Sampling
3,3.9724688170114137,Thompson-Sampling
3,3.457355196646522,Thompson-Sampling
3,3.3725319850579236,Thompson-Sampling
3,4.217441133215886,Thompson-Sampling
3,3.8162361434353107,Thompson-Sampling
3,3.4576875525783346,Thompson-Sampling
3,5.195220234849437,Thompson-Sampling
3,3.1518955617023923,Thompson-Sampling
3,3.0240329816272262,Thompson-Sampling
3,3.874480338268614,Thompson-Sampling
3,5.529702240425038,Thompson-Sampling
3,2.9817797526554823,Thompson-Sampling
3,4.5719419991177945,Thompson-Sampling
3,3.782304685854346,Thompson-Sampling
3,3.860245161765589,Thompson-Sampling
3,3.1475043404585534,Thompson-Sampling
3,5.770798615795853,Thompson-Sampling
3,3.8835201349214,Thompson-Sampling
3,2.6756944733850947,Thompson-Sampling
3,3.4919245286702263,Thompson-Sampling
3,4.646813115857004,Thompson-Sampling
3,2.925229106442721,Thompson-Sampling
3,6.126203420569411,Thompson-Sampling
3,3.4646747110926897,Thompson-Sampling
3,4.330893650044819,Thompson-Sampling
3,4.09930766992997,Thompson-Sampling
3,4.28004129996971,Thompson-Sampling
3,4.970659325838727,Thompson-Sampling
3,1.587713533666796,Thompson-Sampling
3,3.8711936732520673,Thompson-Sampling
3,3.488183881275069,Thompson-Sampling
3,3.063605376474888,Thompson-Sampling
3,4.723897803140887,Thompson-Sampling
3,4.021571087030851,Thompson-Sampling
3,4.045548241993451,Thompson-Sampling
3,3.2599798781978286,Thompson-Sampling
3,3.3001784024031626,Thompson-Sampling
3,3.8239966267699725,Thompson-Sampling
3,3.252448697739623,Thompson-Sampling
3,2.5766069453389573,Thompson-Sampling
3,3.7123227026066346,Thompson-Sampling
3,4.701058563943731,Thompson-Sampling
3,5.0076943606455755,Thompson-Sampling
3,4.970799388669477,Thompson-Sampling
3,4.3246190770533754,Thompson-Sampling
3,4.578302516843676,Thompson-Sampling
3,4.227555997618417,Thompson-Sampling
3,4.1096905092862865,Thompson-Sampling
3,4.095210189397345,Thompson-Sampling
3,4.36613731152487,Thompson-Sampling
3,5.747640608592411,Thompson-Sampling
3,2.6879555854424426,Thompson-Sampling
3,4.526381330342492,Thompson-Sampling
3,3.96698054536825,Thompson-Sampling
3,6.076594140323426,Thompson-Sampling
3,2.723845714926475,Thompson-Sampling
3,4.094513053004322,Thompson-Sampling
3,4.299644874986981,Thompson-Sampling
3,4.98732906756991,Thompson-Sampling
3,3.2025358139935634,Thompson-Sampling
3,3.4314622313452494,Thompson-Sampling
3,5.934767119340697,Thompson-Sampling
3,5.2894952958900046,Thompson-Sampling
3,3.7574848852429996,Thompson-Sampling
3,3.2611090221433567,Thompson-Sampling
3,4.82941296466585,Thompson-Sampling
3,4.094368375278519,Thompson-Sampling
3,4.258017014820819,Thompson-Sampling
3,3.3056558857937075,Thompson-Sampling
3,2.570712598420333,Thompson-Sampling
3,4.9285213245449695,Thompson-Sampling
3,2.9989486056447534,Thompson-Sampling
3,5.149917151599517,Thompson-Sampling
3,5.3618924506809975,Thompson-Sampling
3,2.733895450053855,Thompson-Sampling
3,4.97698846879589,Thompson-Sampling
3,3.83427517247746,Thompson-Sampling
3,4.9344664713880135,Thompson-Sampling
3,7.004770181222506,Thompson-Sampling
3,4.169965082459521,Thompson-Sampling
3,2.9808223657914823,Thompson-Sampling
3,3.6175844671216297,Thompson-Sampling
3,6.305960532689901,Thompson-Sampling
3,4.832808553610292,Thompson-Sampling
3,2.1789655354959687,Thompson-Sampling
3,3.213351316510983,Thompson-Sampling
3,2.0461001723386003,Thompson-Sampling
3,5.253420369081403,Thompson-Sampling
3,4.1346883252954445,Thompson-Sampling
3,2.7010942959504365,Thompson-Sampling
3,3.98316395403723,Thompson-Sampling
3,4.422326216807459,Thompson-Sampling
3,4.16459934031447,Thompson-Sampling
3,3.178089733043473,Thompson-Sampling
3,4.362506075978355,Thompson-Sampling
3,4.138545258407485,Thompson-Sampling
3,3.908693864584902,Thompson-Sampling
3,3.7333402270507214,Thompson-Sampling
3,4.2315086906422,Thompson-Sampling
3,1.8548269898589855,Thompson-Sampling
3,4.327150662275275,Thompson-Sampling
3,4.852177281227794,Thompson-Sampling
3,5.607220234775269,Thompson-Sampling
3,3.8643206428048416,Thompson-Sampling
3,4.858343877102996,Thompson-Sampling
3,4.792124669020101,Thompson-Sampling
3,4.06451087088536,Thompson-Sampling
3,4.5907827363469265,Thompson-Sampling
3,3.717825368596866,Thompson-Sampling
3,2.720838223237596,Thompson-Sampling
3,3.2330790937693603,Thompson-Sampling
3,3.756936655647871,Thompson-Sampling
3,2.2288531890193153,Thompson-Sampling
3,4.612490575300632,Thompson-Sampling
3,4.431745003892707,Thompson-Sampling
3,5.700304857145861,Thompson-Sampling
3,3.1352563497981794,Thompson-Sampling
3,6.276122359502855,Thompson-Sampling
3,2.3936923463437223,Thompson-Sampling
3,4.518831805042554,Thompson-Sampling
3,4.395249134639875,Thompson-Sampling
3,2.7802881254441276,Thompson-Sampling
3,4.964431537146805,Thompson-Sampling
3,2.899349395141501,Thompson-Sampling
3,3.465610677411083,Thompson-Sampling
3,5.416589241756667,Thompson-Sampling
3,3.51991050336031,Thompson-Sampling
3,2.0450050559630975,Thompson-Sampling
3,5.2654890150662,Thompson-Sampling
3,2.5019867124047055,Thompson-Sampling
3,3.2440832546644565,Thompson-Sampling
3,3.864379190372589,Thompson-Sampling
3,3.74447912187494,Thompson-Sampling
3,5.159139210870394,Thompson-Sampling
3,2.480909126291377,Thompson-Sampling
3,6.0161140103353645,Thompson-Sampling
3,4.638828335649874,Thompson-Sampling
3,3.2593070426945303,Thompson-Sampling
3,4.058049161730541,Thompson-Sampling
3,4.779053639324884,Thompson-Sampling
3,5.372649149745168,Thompson-Sampling
3,3.8943502293641985,Thompson-Sampling
3,5.099080098575795,Thompson-Sampling
3,4.348685884811505,Thompson-Sampling
3,3.815379560387901,Thompson-Sampling
3,3.9481603315247407,Thompson-Sampling
3,3.1574026231706336,Thompson-Sampling
3,4.4883504717889435,Thompson-Sampling
3,3.6877579074273807,Thompson-Sampling
3,4.6582486842824125,Thompson-Sampling
3,5.3252555815411595,Thompson-Sampling
3,3.9355066620495083,Thompson-Sampling
3,4.191743832408054,Thompson-Sampling
3,3.6270625443311326,Thompson-Sampling
3,4.5455185322955565,Thompson-Sampling
3,3.0355352802809965,Thompson-Sampling
3,3.0153616047799643,Thompson-Sampling
3,3.3094018511062178,Thompson-Sampling
3,3.5963612779810945,Thompson-Sampling
3,1.5492714249447053,Thompson-Sampling
3,1.6670262495357653,Thompson-Sampling
3,3.668011946474292,Thompson-Sampling
3,3.1226648784197724,Thompson-Sampling
3,2.7373342268304857,Thompson-Sampling
3,3.926751467492311,Thompson-Sampling
3,3.8571943824264054,Thompson-Sampling
3,3.4343284336250597,Thompson-Sampling
3,3.182398337656889,Thompson-Sampling
3,3.9643991675904675,Thompson-Sampling
3,5.1628025325838784,Thompson-Sampling
3,2.8297028928489087,Thompson-Sampling
3,3.385448605100971,Thompson-Sampling
3,5.11298047266236,Thompson-Sampling
3,4.9375547577640315,Thompson-Sampling
3,3.78827268313297,Thompson-Sampling
3,5.134441251768514,Thompson-Sampling
3,4.023684310012708,Thompson-Sampling
3,4.08764093404135,Thompson-Sampling
3,4.277181344574833,Thompson-Sampling
3,3.7005396870746665,Thompson-Sampling
3,4.326217403717579,Thompson-Sampling
3,3.2837328529574905,Thompson-Sampling
3,3.8060870425334654,Thompson-Sampling
3,2.9011362395005964,Thompson-Sampling
3,3.8529772798147595,Thompson-Sampling
3,2.804598644417138,Thompson-Sampling
3,1.8155501223843808,Thompson-Sampling
3,2.479803253637094,Thompson-Sampling
3,2.392964223525924,Thompson-Sampling
3,4.9325445232637275,Thompson-Sampling
3,2.3825505729239485,Thompson-Sampling
3,5.386951994345833,Thompson-Sampling
3,2.9596326994678104,Thompson-Sampling
3,4.167976080055163,Thompson-Sampling
3,4.704156899597992,Thompson-Sampling
3,4.995204625956497,Thompson-Sampling
3,4.217103114586369,Thompson-Sampling
3,3.725568044177107,Thompson-Sampling
3,4.036258222100979,Thompson-Sampling
3,4.409194232732939,Thompson-Sampling
3,5.540775997422937,Thompson-Sampling
3,3.173389635562998,Thompson-Sampling
3,4.369963855319371,Thompson-Sampling
3,4.661706378221826,Thompson-Sampling
3,3.6687493040226884,Thompson-Sampling
3,2.4380962040784704,Thompson-Sampling
3,1.8635957543819783,Thompson-Sampling
3,2.518996704105041,Thompson-Sampling
3,5.686638536667365,Thompson-Sampling
3,6.5288208785021915,Thompson-Sampling
3,1.3143662887083143,Thompson-Sampling
3,5.423278993583894,Thompson-Sampling
3,5.123199073331938,Thompson-Sampling
3,2.9961685161470744,Thompson-Sampling
3,5.294683689624298,Thompson-Sampling
3,4.563553531019124,Thompson-Sampling
3,2.680319923258368,Thompson-Sampling
3,2.9757621129735736,Thompson-Sampling
3,3.911448725025936,Thompson-Sampling
3,3.182770732356543,Thompson-Sampling
3,3.122921279613835,Thompson-Sampling
3,4.875900172478261,Thompson-Sampling
3,5.507367028099655,Thompson-Sampling
3,5.583460804678934,Thompson-Sampling
3,4.193998592323508,Thompson-Sampling
3,4.514711136008232,Thompson-Sampling
3,5.461428465287716,Thompson-Sampling
3,2.2538486840815715,Thompson-Sampling
3,3.339669630058021,Thompson-Sampling
3,4.398660083332267,Thompson-Sampling
3,3.805616485716208,Thompson-Sampling
3,5.88088473660979,Thompson-Sampling
3,4.647843418701647,Thompson-Sampling
3,3.5682129643183993,Thompson-Sampling
3,3.083892130858938,Thompson-Sampling
3,4.658465812745716,Thompson-Sampling
3,3.067217031688872,Thompson-Sampling
3,4.79533965523281,Thompson-Sampling
3,3.530082762220268,Thompson-Sampling
3,3.1852260594214665,Thompson-Sampling
3,5.16840219958992,Thompson-Sampling
3,3.221195148510364,Thompson-Sampling
3,5.591211839242799,Thompson-Sampling
3,3.145319079295872,Thompson-Sampling
3,3.148321605976214,Thompson-Sampling
3,5.169355382731577,Thompson-Sampling
3,3.4317840260839576,Thompson-Sampling
3,3.81459453977717,Thompson-Sampling
3,3.8778620851352343,Thompson-Sampling
3,4.700644290403073,Thompson-Sampling
3,4.258324658276269,Thompson-Sampling
3,3.6758138616002105,Thompson-Sampling
3,3.243099623471731,Thompson-Sampling
3,3.2631612114987303,Thompson-Sampling
3,4.264605396285604,Thompson-Sampling
3,3.2270206489148654,Thompson-Sampling
3,4.25183659316416,Thompson-Sampling
3,3.1585332304424214,Thompson-Sampling
3,4.25292216301802,Thompson-Sampling
3,4.897881129710368,Thompson-Sampling
3,3.456552731397523,Thompson-Sampling
3,2.1540439768367152,Thompson-Sampling
3,3.448384947615016,Thompson-Sampling
3,4.417188384409208,Thompson-Sampling
3,4.91661237773134,Thompson-Sampling
3,5.4432866846847165,Thompson-Sampling
3,3.5588236839255294,Thompson-Sampling
3,2.598489148808394,Thompson-Sampling
3,2.8155705609492796,Thompson-Sampling
3,3.0542752576467143,Thompson-Sampling
3,4.985729093702615,Thompson-Sampling
3,4.41999078114245,Thompson-Sampling
3,3.9583314915063967,Thompson-Sampling
3,4.378265355501969,Thompson-Sampling
3,4.067024986542468,Thompson-Sampling
3,2.9747673279595412,Thompson-Sampling
3,3.5615208453908282,Thompson-Sampling
3,4.169250464424791,Thompson-Sampling
3,5.781765633372141,Thompson-Sampling
3,5.33675051372664,Thompson-Sampling
3,4.770169389741086,Thompson-Sampling
3,3.175391536501801,Thompson-Sampling
3,6.094851247819872,Thompson-Sampling
3,5.279002987762486,Thompson-Sampling
3,6.189232147694295,Thompson-Sampling
3,4.910832500642716,Thompson-Sampling
3,3.8649495046546014,Thompson-Sampling
3,3.501765001000196,Thompson-Sampling
3,3.4864134935645006,Thompson-Sampling
3,2.5125866035607594,Thompson-Sampling
3,4.776017110209605,Thompson-Sampling
3,3.723688886662258,Thompson-Sampling
3,3.4863400594566225,Thompson-Sampling
3,2.6158750810657168,Thompson-Sampling
3,3.873949190814723,Thompson-Sampling
3,4.269381364377642,Thompson-Sampling
3,3.404050980825069,Thompson-Sampling
3,3.550296785868704,Thompson-Sampling
3,4.245862586859476,Thompson-Sampling
3,4.506217584371358,Thompson-Sampling
3,7.894468361939845,Thompson-Sampling
3,4.51736595636877,Thompson-Sampling
3,4.412757175308248,Thompson-Sampling
3,3.425985043031202,Thompson-Sampling
3,3.5803594461171526,Thompson-Sampling
3,3.623688377947919,Thompson-Sampling
3,3.9632634262378623,Thompson-Sampling
3,4.932687676660419,Thompson-Sampling
3,5.372875089985207,Thompson-Sampling
3,3.2445260614999167,Thompson-Sampling
3,3.5503910367937532,Thompson-Sampling
3,4.72315640323918,Thompson-Sampling
3,3.9555341765772902,Thompson-Sampling
3,4.335950685418013,Thompson-Sampling
3,3.659290025187299,Thompson-Sampling
3,2.15787544602542,Thompson-Sampling
3,3.7583655739806074,Thompson-Sampling
3,4.934345246269655,Thompson-Sampling
3,2.862230504653456,Thompson-Sampling
3,4.282995679617944,Thompson-Sampling
3,7.144938756882198,Thompson-Sampling
3,3.3570292569511255,Thompson-Sampling
3,5.881614880758118,Thompson-Sampling
3,3.711235103575185,Thompson-Sampling
3,4.755142125008531,Thompson-Sampling
3,5.192401239732737,Thompson-Sampling
3,5.232427790998345,Thompson-Sampling
3,4.168117393438266,Thompson-Sampling
3,3.673266885311398,Thompson-Sampling
3,4.161429106527822,Thompson-Sampling
3,5.840220957530489,Thompson-Sampling
3,4.465623670258775,Thompson-Sampling
3,4.82536410387453,Thompson-Sampling
3,4.321837701924148,Thompson-Sampling
3,3.9808584382622723,Thompson-Sampling
3,4.156699170594144,Thompson-Sampling
3,3.187029575049432,Thompson-Sampling
3,4.14107006938705,Thompson-Sampling
3,4.2305294853574305,Thompson-Sampling
3,4.893987726085272,Thompson-Sampling
3,3.878948068113379,Thompson-Sampling
3,4.226814755494584,Thompson-Sampling
3,3.5114511376514566,Thompson-Sampling
3,3.5549193329434976,Thompson-Sampling
3,3.529467545761066,Thompson-Sampling
3,3.5484473753451757,Thompson-Sampling
3,2.63409857218807,Thompson-Sampling
3,4.466322590196008,Thompson-Sampling
3,4.3853779662881145,Thompson-Sampling
3,2.7857473907389396,Thompson-Sampling
3,4.679846182041011,Thompson-Sampling
3,3.2433782162083378,Thompson-Sampling
3,2.5669344663840055,Thompson-Sampling
3,4.54628638930372,Thompson-Sampling
3,2.8466776329923134,Thompson-Sampling
3,4.061007736526522,Thompson-Sampling
3,4.398573789791447,Thompson-Sampling
3,4.352585804076813,Thompson-Sampling
3,4.8029681034480625,Thompson-Sampling
3,1.989804518238655,Thompson-Sampling
3,4.9273381189517735,Thompson-Sampling
3,2.909973822328129,Thompson-Sampling
3,2.6776464538109574,Thompson-Sampling
3,4.271378107040793,Thompson-Sampling
3,4.862456169947643,Thompson-Sampling
3,3.3419512188556513,Thompson-Sampling
3,3.7182355765262165,Thompson-Sampling
3,5.4497874592420406,Thompson-Sampling
3,2.9528777356210947,Thompson-Sampling
3,4.214546872273493,Thompson-Sampling
3,5.253213205220032,Thompson-Sampling
3,3.286327640072492,Thompson-Sampling
3,3.7703656922889808,Thompson-Sampling
3,4.896820670425022,Thompson-Sampling
3,3.9985581345215393,Thompson-Sampling
3,2.7183180019318818,Thompson-Sampling
3,4.719286068749507,Thompson-Sampling
3,3.8583508456569313,Thompson-Sampling
3,4.541787209392008,Thompson-Sampling
3,3.8775378289210956,Thompson-Sampling
3,4.187003838216896,Thompson-Sampling
3,4.4974300433131535,Thompson-Sampling
3,3.5317122813694506,Thompson-Sampling
3,3.0884336893675153,Thompson-Sampling
3,3.5780416156891715,Thompson-Sampling
3,4.318964034135436,Thompson-Sampling
3,2.029038696644162,Thompson-Sampling
3,3.4710324185761467,Thompson-Sampling
3,4.874929355003089,Thompson-Sampling
3,1.0903600279980443,Thompson-Sampling
3,2.669414338566634,Thompson-Sampling
3,3.2405712801590543,Thompson-Sampling
3,3.0124260925899806,Thompson-Sampling
3,2.806670946426494,Thompson-Sampling
3,3.6441203604971935,Thompson-Sampling
3,3.951825775267615,Thompson-Sampling
3,3.9256483532674626,Thompson-Sampling
3,2.8678025482077807,Thompson-Sampling
3,3.9411955952652233,Thompson-Sampling
3,2.8904156098057907,Thompson-Sampling
3,2.8833321571028883,Thompson-Sampling
3,3.7522130323025804,Thompson-Sampling
3,4.445902261301314,Thompson-Sampling
3,3.902898317211184,Thompson-Sampling
3,2.9869293943602737,Thompson-Sampling
3,5.269813982813048,Thompson-Sampling
3,1.236222522098605,Thompson-Sampling
3,3.6558428321303764,Thompson-Sampling
3,5.642986083701587,Thompson-Sampling
3,5.365264038438307,Thompson-Sampling
3,4.98400250616775,Thompson-Sampling
3,2.474155939819748,Thompson-Sampling
3,3.2047604763443323,Thompson-Sampling
3,2.6452812911379002,Thompson-Sampling
3,4.054269054345441,Thompson-Sampling
3,4.805019396159683,Thompson-Sampling
3,4.65442197973021,Thompson-Sampling
3,3.3820106642951044,Thompson-Sampling
3,2.611415261375347,Thompson-Sampling
3,5.057613293041418,Thompson-Sampling
3,3.303366891412497,Thompson-Sampling
3,3.6007915479967822,Thompson-Sampling
3,2.1648473553913066,Thompson-Sampling
3,4.4358148185813056,Thompson-Sampling
3,3.632631507808086,Thompson-Sampling
3,4.018870873112033,Thompson-Sampling
3,4.307368473824448,Thompson-Sampling
3,3.3726993486500767,Thompson-Sampling
3,5.609554116092267,Thompson-Sampling
3,3.126044151890076,Thompson-Sampling
3,3.573675156823644,Thompson-Sampling
3,2.3433019633195995,Thompson-Sampling
3,4.579818501865912,Thompson-Sampling
3,4.078481913407996,Thompson-Sampling
3,5.611076494817834,Thompson-Sampling
3,1.9711112283746708,Thompson-Sampling
3,4.561285858506414,Thompson-Sampling
3,3.409297407424171,Thompson-Sampling
3,2.4940577042885588,Thompson-Sampling
3,4.200765421478956,Thompson-Sampling
3,3.1391526558888008,Thompson-Sampling
3,5.588608329974836,Thompson-Sampling
3,4.900249615946535,Thompson-Sampling
3,4.047933721497396,Thompson-Sampling
3,2.0120058188203993,Thompson-Sampling
3,3.598602543420397,Thompson-Sampling
3,3.0797964521392465,Thompson-Sampling
3,5.636975249854249,Thompson-Sampling
3,3.69048841970998,Thompson-Sampling
3,4.20349885542212,Thompson-Sampling
3,4.891695896608841,Thompson-Sampling
3,3.5141567431434773,Thompson-Sampling
3,2.9291500153031294,Thompson-Sampling
3,3.1052582435873686,Thompson-Sampling
3,3.1380687785013115,Thompson-Sampling
3,3.1077241631692893,Thompson-Sampling
3,2.9987962178090877,Thompson-Sampling
3,4.830992513202167,Thompson-Sampling
3,3.963305542867516,Thompson-Sampling
3,3.635851474937741,Thompson-Sampling
3,4.688814715351092,Thompson-Sampling
3,4.174417104414211,Thompson-Sampling
3,2.476082606322494,Thompson-Sampling
3,4.339696298262401,Thompson-Sampling
3,1.4644115645460731,Thompson-Sampling
3,4.646248595487586,Thompson-Sampling
3,2.7378940648507077,Thompson-Sampling
3,3.923489923950592,Thompson-Sampling
3,4.707899130509102,Thompson-Sampling
3,4.40822928437422,Thompson-Sampling
3,3.0853351108639804,Thompson-Sampling
3,3.3906473195758866,Thompson-Sampling
3,3.9017631304131393,Thompson-Sampling
3,3.7354295885257214,Thompson-Sampling
3,3.874958099225555,Thompson-Sampling
3,5.890952491719013,Thompson-Sampling
3,2.727836850801234,Thompson-Sampling
3,5.7210712252217535,Thompson-Sampling
3,3.5044278879873065,Thompson-Sampling
3,4.76945399211584,Thompson-Sampling
3,3.1975259413622337,Thompson-Sampling
3,3.671211082433289,Thompson-Sampling
3,5.225025543963436,Thompson-Sampling
3,3.7245848771347783,Thompson-Sampling
3,4.029523104547759,Thompson-Sampling
3,4.825760919820366,Thompson-Sampling
3,5.797194650052706,Thompson-Sampling
3,5.22996794215249,Thompson-Sampling
3,5.64693384317397,Thompson-Sampling
3,4.328777475765169,Thompson-Sampling
3,6.632064187528034,Thompson-Sampling
3,3.112400096841728,Thompson-Sampling
3,5.624729689329583,Thompson-Sampling
3,5.885658747698271,Thompson-Sampling
3,5.058239796896589,Thompson-Sampling
3,4.089873568520897,Thompson-Sampling
3,4.676399322140515,Thompson-Sampling
3,3.803148865358536,Thompson-Sampling
3,3.7869031712510304,Thompson-Sampling
3,4.088921778184461,Thompson-Sampling
3,3.630489840966126,Thompson-Sampling
3,5.035977385157566,Thompson-Sampling
3,1.8794773944575285,Thompson-Sampling
3,3.1509537528608256,Thompson-Sampling
3,3.8979362885349844,Thompson-Sampling
3,2.988208088180249,Thompson-Sampling
3,3.420327507979711,Thompson-Sampling
3,4.939591125131703,Thompson-Sampling
3,4.229429988639435,Thompson-Sampling
3,4.3526712737294595,Thompson-Sampling
3,3.6289641026259214,Thompson-Sampling
3,2.5450297469413066,Thompson-Sampling
3,6.652418618638576,Thompson-Sampling
3,3.3773225997643546,Thompson-Sampling
3,2.2345958155975105,Thompson-Sampling
3,3.6349145409315162,Thompson-Sampling
3,2.5349598784155853,Thompson-Sampling
3,3.699570301608496,Thompson-Sampling
3,5.319347024294768,Thompson-Sampling
3,4.468130140189773,Thompson-Sampling
3,4.965304682615534,Thompson-Sampling
3,3.743895831835255,Thompson-Sampling
3,4.334171760549484,Thompson-Sampling
3,2.9262003750081718,Thompson-Sampling
3,3.338922247523974,Thompson-Sampling
3,2.8737623659993305,Thompson-Sampling
3,2.4730326195608408,Thompson-Sampling
3,6.23179347556084,Thompson-Sampling
3,4.419485074269641,Thompson-Sampling
3,2.750954994019679,Thompson-Sampling
3,3.7367582393249648,Thompson-Sampling
3,3.7988615516636113,Thompson-Sampling
3,5.001231382096305,Thompson-Sampling
3,4.881441148179901,Thompson-Sampling
3,4.55811790184793,Thompson-Sampling
3,4.692480626266837,Thompson-Sampling
3,4.342041820094994,Thompson-Sampling
3,3.0590345098479457,Thompson-Sampling
3,4.8372165498201065,Thompson-Sampling
3,5.192722646128312,Thompson-Sampling
3,4.688428668409436,Thompson-Sampling
3,3.3119039871489377,Thompson-Sampling
3,4.452491014581535,Thompson-Sampling
3,3.087137697631782,Thompson-Sampling
3,3.4087342541824013,Thompson-Sampling
3,3.5520663835056587,Thompson-Sampling
3,4.362953994745518,Thompson-Sampling
3,4.557967698988471,Thompson-Sampling
3,2.744434708373774,Thompson-Sampling
3,3.296246605672782,Thompson-Sampling
3,4.1997839051515875,Thompson-Sampling
3,3.9303240155886825,Thompson-Sampling
3,5.95135149143999,Thompson-Sampling
3,5.020716331902938,Thompson-Sampling
3,4.5020482813664415,Thompson-Sampling
3,4.72808646638085,Thompson-Sampling
3,5.680298266846727,Thompson-Sampling
3,4.386326317930989,Thompson-Sampling
3,4.995131426854076,Thompson-Sampling
3,1.9016792336732498,Thompson-Sampling
3,4.477754871171097,Thompson-Sampling
3,3.0229605354685027,Thompson-Sampling
3,3.0800252698100477,Thompson-Sampling
3,4.278722311283798,Thompson-Sampling
3,4.3197210376255315,Thompson-Sampling
3,4.547699825055821,Thompson-Sampling
3,5.017024489220181,Thompson-Sampling
3,3.714978140589997,Thompson-Sampling
3,3.2721883234741833,Thompson-Sampling
3,4.275812754297208,Thompson-Sampling
3,3.0299943554676236,Thompson-Sampling
3,3.1085417459826243,Thompson-Sampling
3,5.772395014919707,Thompson-Sampling
3,5.672718847548585,Thompson-Sampling
3,4.145886293790642,Thompson-Sampling
3,3.2096399541163176,Thompson-Sampling
3,4.121106669174876,Thompson-Sampling
3,3.6828262405551264,Thompson-Sampling
3,3.1066970178641258,Thompson-Sampling
3,3.9892340293962936,Thompson-Sampling
3,2.759981929489732,Thompson-Sampling
3,3.8067023967591043,Thompson-Sampling
3,5.214443921662809,Thompson-Sampling
3,4.405357552261091,Thompson-Sampling
3,3.9620116511862467,Thompson-Sampling
3,4.948150416192504,Thompson-Sampling
3,6.836012166594126,Thompson-Sampling
3,4.895169917267227,Thompson-Sampling
3,3.9268261004870473,Thompson-Sampling
3,3.012325339602211,Thompson-Sampling
3,3.169328615524446,Thompson-Sampling
3,4.146497390160187,Thompson-Sampling
3,4.194443784357256,Thompson-Sampling
3,3.837229936452544,Thompson-Sampling
3,3.981105522818883,Thompson-Sampling
3,3.906012475860401,Thompson-Sampling
3,3.949946394276231,Thompson-Sampling
3,4.920891086928637,Thompson-Sampling
3,4.146733538549806,Thompson-Sampling
3,4.145091283082626,Thompson-Sampling
3,3.1017771237266354,Thompson-Sampling
3,4.422103070488931,Thompson-Sampling
3,4.306743591709568,Thompson-Sampling
3,2.6445042102464225,Thompson-Sampling
3,2.6392666503978908,Thompson-Sampling
3,3.8301410523084116,Thompson-Sampling
3,5.517486193070253,Thompson-Sampling
3,4.57229121490642,Thompson-Sampling
3,3.6304747399930353,Thompson-Sampling
3,1.1587597952883293,Thompson-Sampling
3,3.07745349989559,Thompson-Sampling
3,5.213366383182715,Thompson-Sampling
3,2.967895438444864,Thompson-Sampling
3,5.3938062585461415,Thompson-Sampling
3,4.730653797526985,Thompson-Sampling
3,3.2730921660956147,Thompson-Sampling
3,3.141909780628839,Thompson-Sampling
3,4.499924432334284,Thompson-Sampling
3,4.589710529688066,Thompson-Sampling
3,4.195080467813685,Thompson-Sampling
3,3.590491850006146,Thompson-Sampling
3,3.391869670434129,Thompson-Sampling
3,3.2102425393586556,Thompson-Sampling
3,1.6907095372762786,Thompson-Sampling
3,4.412407825321762,Thompson-Sampling
3,1.8046941428415177,Thompson-Sampling
3,3.4106763026659874,Thompson-Sampling
3,3.938394627361897,Thompson-Sampling
3,4.84460005130914,Thompson-Sampling
3,3.1608772146249455,Thompson-Sampling
3,4.952769006770142,Thompson-Sampling
3,2.8776405396648794,Thompson-Sampling
3,3.6619050948862286,Thompson-Sampling
3,2.6719556361267784,Thompson-Sampling
3,5.93519219057255,Thompson-Sampling
3,5.383781966377026,Thompson-Sampling
3,3.922571797385714,Thompson-Sampling
3,3.1962912667862247,Thompson-Sampling
3,3.530726273844597,Thompson-Sampling
3,2.923138014099661,Thompson-Sampling
3,6.3469385521785675,Thompson-Sampling
3,3.7789342592398327,Thompson-Sampling
3,4.695071127857761,Thompson-Sampling
3,3.9712714712028285,Thompson-Sampling
3,3.8440979200211705,Thompson-Sampling
3,3.9187621704241287,Thompson-Sampling
3,4.736646713657383,Thompson-Sampling
3,4.023707239770857,Thompson-Sampling
3,5.806964622502506,Thompson-Sampling
3,1.506505403777176,Thompson-Sampling
3,2.8070335217623046,Thompson-Sampling
3,4.04167573131572,Thompson-Sampling
3,3.9202669637970007,Thompson-Sampling
3,2.1496289168498777,Thompson-Sampling
3,4.835831525752464,Thompson-Sampling
3,3.3288661020986026,Thompson-Sampling
3,4.06640742965908,Thompson-Sampling
3,3.105109490822244,Thompson-Sampling
3,4.45135538410868,Thompson-Sampling
3,6.126152579760408,Thompson-Sampling
3,4.18011130046699,Thompson-Sampling
3,3.816509490805159,Thompson-Sampling
3,3.524772390603621,Thompson-Sampling
3,5.1725521318168015,Thompson-Sampling
3,3.08890535852062,Thompson-Sampling
3,3.45893452604745,Thompson-Sampling
3,3.7161752686636627,Thompson-Sampling
3,6.243614890666841,Thompson-Sampling
3,2.5784910237343914,Thompson-Sampling
3,3.8342386413587,Thompson-Sampling
3,3.6544931769770588,Thompson-Sampling
3,4.316045863042617,Thompson-Sampling
3,3.052650340337416,Thompson-Sampling
3,2.57652695934203,Thompson-Sampling
3,3.083933124914559,Thompson-Sampling
3,2.616735690092818,Thompson-Sampling
3,5.240644066990953,Thompson-Sampling
3,3.841018451057536,Thompson-Sampling
3,4.171648556126948,Thompson-Sampling
3,2.247806674290712,Thompson-Sampling
3,3.6836082268974093,Thompson-Sampling
3,3.6209893958699433,Thompson-Sampling
3,4.1529929734904965,Thompson-Sampling
3,3.3470353141640996,Thompson-Sampling
3,4.419864184680655,Thompson-Sampling
3,4.842934523610483,Thompson-Sampling
3,5.2482060924217,Thompson-Sampling
3,3.634044154808108,Thompson-Sampling
3,3.408342609454942,Thompson-Sampling
3,2.6978514221120142,Thompson-Sampling
3,4.881563297701448,Thompson-Sampling
3,5.134993837458891,Thompson-Sampling
3,2.881188084155871,Thompson-Sampling
3,3.7493135045382533,Thompson-Sampling
3,2.8947518225634723,Thompson-Sampling
3,4.1407781899553235,Thompson-Sampling
3,1.883630305955673,Thompson-Sampling
3,4.91245807847208,Thompson-Sampling
3,3.792179364674175,Thompson-Sampling
3,4.07181938445295,Thompson-Sampling
3,3.7337067231987544,Thompson-Sampling
3,3.699179856869444,Thompson-Sampling
3,2.1398892086411276,Thompson-Sampling
3,4.955118323274523,Thompson-Sampling
3,4.244016105675924,Thompson-Sampling
3,4.02037511145245,Thompson-Sampling
3,4.393161562224811,Thompson-Sampling
3,4.741367492363099,Thompson-Sampling
3,3.2900559016775155,Thompson-Sampling
3,3.308310140094631,Thompson-Sampling
3,4.5818914694278945,Thompson-Sampling
3,3.635090304596247,Thompson-Sampling
3,2.76479586932092,Thompson-Sampling
3,2.9977400330340194,Thompson-Sampling
3,3.551273896376863,Thompson-Sampling
3,3.779469350029964,Thompson-Sampling
3,4.505700468776076,Thompson-Sampling
3,2.474237820464028,Thompson-Sampling
3,3.6243740190492457,Thompson-Sampling
3,4.644099619194905,Thompson-Sampling
3,4.002015943525803,Thompson-Sampling
3,4.8796352329560335,Thompson-Sampling
3,2.980435732342122,Thompson-Sampling
3,3.2190159503732727,Thompson-Sampling
3,5.456476660865787,Thompson-Sampling
3,4.335389082126535,Thompson-Sampling
3,2.8573661469585394,Thompson-Sampling
3,3.75789905845897,Thompson-Sampling
3,3.6676709775958782,Thompson-Sampling
3,3.6603733869379855,Thompson-Sampling
3,3.3670476470622828,Thompson-Sampling
3,4.921046434815546,Thompson-Sampling
3,4.4214891068806255,Thompson-Sampling
3,3.826847917988096,Thompson-Sampling
3,4.218195596959412,Thompson-Sampling
3,2.4295792964050222,Thompson-Sampling
3,1.9293396336317055,Thompson-Sampling
3,1.6399397012938417,Thompson-Sampling
3,3.641652672838859,Thompson-Sampling
3,3.2874080496350797,Thompson-Sampling
3,4.386312095963787,Thompson-Sampling
3,4.301056087557755,Thompson-Sampling
3,4.084775668122554,Thompson-Sampling
3,4.798002537650016,Thompson-Sampling
3,4.046677119465919,Thompson-Sampling
3,4.734127487098265,Thompson-Sampling
3,4.092107911523084,Thompson-Sampling
3,4.13446660454238,Thompson-Sampling
3,4.044326648124298,Thompson-Sampling
3,4.004496348249919,Thompson-Sampling
3,4.667955672757608,Thompson-Sampling
3,3.2981148255261896,Thompson-Sampling
3,4.262581152412142,Thompson-Sampling
3,3.6752288068582697,Thompson-Sampling
3,4.197501732010776,Thompson-Sampling
3,3.72585557651209,Thompson-Sampling
3,2.295528154043991,Thompson-Sampling
3,4.383884577589697,Thompson-Sampling
3,4.553117455956693,Thompson-Sampling
3,3.344164236651945,Thompson-Sampling
3,3.7914848696333894,Thompson-Sampling
3,3.7100809369324605,Thompson-Sampling
3,5.3627638025393125,Thompson-Sampling
3,3.3222392772314824,Thompson-Sampling
3,5.260131707248522,Thompson-Sampling
3,3.446500650695781,Thompson-Sampling
3,3.5746216834584637,Thompson-Sampling
3,5.196990262487073,Thompson-Sampling
3,3.1334052804476116,Thompson-Sampling
3,4.708887590766224,Thompson-Sampling
3,4.826870272077789,Thompson-Sampling
3,3.537935486386905,Thompson-Sampling
3,0.9518496279380906,Thompson-Sampling
3,2.93948626598428,Thompson-Sampling
3,2.809548570452595,Thompson-Sampling
3,5.8497341574699755,Thompson-Sampling
3,5.152553294031946,Thompson-Sampling
3,4.1086863897381605,Thompson-Sampling
3,4.78411189891384,Thompson-Sampling
3,6.14798680564327,Thompson-Sampling
3,3.225415565584954,Thompson-Sampling
3,3.893644355415935,Thompson-Sampling
3,6.0038454033646325,Thompson-Sampling
3,4.205683521214025,Thompson-Sampling
3,6.632577133985606,Thompson-Sampling
3,3.7024525091817884,Thompson-Sampling
3,4.182998327450376,Thompson-Sampling
3,4.05183083597888,Thompson-Sampling
3,2.7444730985039953,Thompson-Sampling
3,3.8883556977354634,Thompson-Sampling
3,6.130412882720834,Thompson-Sampling
3,3.0664815440061663,Thompson-Sampling
3,2.693525002112252,Thompson-Sampling
3,4.644212745049281,Thompson-Sampling
3,4.26328377997751,Thompson-Sampling
3,3.7077581018953607,Thompson-Sampling
3,4.166306953148569,Thompson-Sampling
3,4.016207907710751,Thompson-Sampling
3,5.102722766392954,Thompson-Sampling
3,4.859751776527968,Thompson-Sampling
3,3.3631731425451923,Thompson-Sampling
3,4.237054638223004,Thompson-Sampling
3,3.880217975213656,Thompson-Sampling
3,4.688911765980535,Thompson-Sampling
3,3.711679856569747,Thompson-Sampling
3,3.138905253571508,Thompson-Sampling
3,5.008157980287765,Thompson-Sampling
3,3.724500026656889,Thompson-Sampling
3,4.124184337440503,Thompson-Sampling
3,3.714773272476992,Thompson-Sampling
3,5.1643638767567825,Thompson-Sampling
3,5.361002843434072,Thompson-Sampling
3,5.494455539933693,Thompson-Sampling
3,4.070042980832515,Thompson-Sampling
3,3.742167322377987,Thompson-Sampling
3,3.133578957774249,Thompson-Sampling
3,5.696964491842386,Thompson-Sampling
3,6.3522694319059685,Thompson-Sampling
3,4.892065500155931,Thompson-Sampling
3,4.264177690558579,Thompson-Sampling
3,4.6022898174122275,Thompson-Sampling
3,5.543490788195926,Thompson-Sampling
3,5.876249647322427,Thompson-Sampling
3,4.2533198415718125,Thompson-Sampling
3,3.3287339918616827,Thompson-Sampling
3,3.4721768680542366,Thompson-Sampling
3,3.8913124358106446,Thompson-Sampling
3,3.677355729929832,Thompson-Sampling
3,5.428838722112429,Thompson-Sampling
3,1.9203669090642954,Thompson-Sampling
3,2.1086382671480575,Thompson-Sampling
3,4.148977004469466,Thompson-Sampling
3,3.846760354664111,Thompson-Sampling
3,3.6610509293784146,Thompson-Sampling
3,3.7505215708963067,Thompson-Sampling
3,3.2545474858270396,Thompson-Sampling
3,2.3266286866326245,Thompson-Sampling
3,5.416942724382604,Thompson-Sampling
3,2.8652023798425823,Thompson-Sampling
3,3.435861572036586,Thompson-Sampling
3,5.142034959782107,Thompson-Sampling
3,4.571615577415723,Thompson-Sampling
3,2.380300044003329,Thompson-Sampling
3,5.65674956372087,Thompson-Sampling
3,4.500421144516661,Thompson-Sampling
3,5.104434950315332,Thompson-Sampling
3,4.450999407201288,Thompson-Sampling
3,1.8483314992660986,Thompson-Sampling
3,4.421462607269449,Thompson-Sampling
3,4.670343960432012,Thompson-Sampling
3,2.605350081940016,Thompson-Sampling
3,3.4185429802409613,Thompson-Sampling
3,4.058815940989707,Thompson-Sampling
3,3.64406257826582,Thompson-Sampling
3,4.300317978092162,Thompson-Sampling
3,3.816912912723114,Thompson-Sampling
3,3.8250174856767805,Thompson-Sampling
3,4.289130206079004,Thompson-Sampling
3,2.7518820805675723,Thompson-Sampling
3,3.2396292042865924,Thompson-Sampling
3,2.5655242593914735,Thompson-Sampling
3,4.193507127739185,Thompson-Sampling
3,5.229822187525852,Thompson-Sampling
3,4.564558426179696,Thompson-Sampling
3,3.146596333186998,Thompson-Sampling
3,3.39629137676182,Thompson-Sampling
3,2.8422290283364955,Thompson-Sampling
3,4.394309886482803,Thompson-Sampling
3,3.3347343002457386,Thompson-Sampling
3,3.9604420836677323,Thompson-Sampling
3,3.987001031313607,Thompson-Sampling
3,2.793738363192566,Thompson-Sampling
3,2.6336623452400447,Thompson-Sampling
3,2.521306908381645,Thompson-Sampling
3,3.543102034857655,Thompson-Sampling
3,2.9169063541378053,Thompson-Sampling
3,7.547072707746219,Thompson-Sampling
3,4.321127698273239,Thompson-Sampling
3,3.370928559489818,Thompson-Sampling
3,4.699955402206927,Thompson-Sampling
3,5.093359823485601,Thompson-Sampling
3,4.283973104574892,Thompson-Sampling
3,2.553509913964321,Thompson-Sampling
3,4.790325924216377,Thompson-Sampling
3,3.5045802647940993,Thompson-Sampling
3,4.164550893852274,Thompson-Sampling
3,3.07906680650469,Thompson-Sampling
3,3.8360010435868346,Thompson-Sampling
3,3.2445655415781496,Thompson-Sampling
3,4.385848161714477,Thompson-Sampling
3,3.6348807350234864,Thompson-Sampling
3,4.846627062856277,Thompson-Sampling
3,3.9946351669115376,Thompson-Sampling
3,3.298577980963529,Thompson-Sampling
3,3.735548624547275,Thompson-Sampling
3,3.2350870667179326,Thompson-Sampling
3,4.081855536287878,Thompson-Sampling
3,4.550451033004792,Thompson-Sampling
3,3.2632474385150356,Thompson-Sampling
3,3.4146979226682515,Thompson-Sampling
3,3.926208274698615,Thompson-Sampling
3,5.627053650576155,Thompson-Sampling
3,5.4568992476249845,Thompson-Sampling
3,5.2255440619198605,Thompson-Sampling
3,3.95683793547807,Thompson-Sampling
3,3.1304708018154246,Thompson-Sampling
3,2.817642601547615,Thompson-Sampling
3,4.664691358154724,Thompson-Sampling
3,4.1684880727675075,Thompson-Sampling
3,5.817587626698361,Thompson-Sampling
3,3.794398457261575,Thompson-Sampling
3,3.930091948979808,Thompson-Sampling
3,4.358146573946655,Thompson-Sampling
3,4.281796818654425,Thompson-Sampling
3,3.394882426325412,Thompson-Sampling
3,4.273450413017576,Thompson-Sampling
3,5.194555974772268,Thompson-Sampling
3,3.0077091772539286,Thompson-Sampling
3,3.0140470517707296,Thompson-Sampling
3,3.3164489365415677,Thompson-Sampling
3,3.8216795620791655,Thompson-Sampling
3,4.24266105804458,Thompson-Sampling
3,4.591414812528608,Thompson-Sampling
3,3.8066878689485897,Thompson-Sampling
3,5.096428787257765,Thompson-Sampling
3,3.865375582625801,Thompson-Sampling
3,3.2502086822149514,Thompson-Sampling
3,4.453492683442445,Thompson-Sampling
3,3.950538528557504,Thompson-Sampling
3,3.7976179661294873,Thompson-Sampling
3,5.323271612028195,Thompson-Sampling
3,4.895107793567465,Thompson-Sampling
3,6.083303175169842,Thompson-Sampling
3,4.386910302568445,Thompson-Sampling
3,3.117828162360447,Thompson-Sampling
3,5.128337892058746,Thompson-Sampling
3,4.055780636312332,Thompson-Sampling
3,3.1863568382389476,Thompson-Sampling
3,4.141324944196459,Thompson-Sampling
3,3.2312508582536372,Thompson-Sampling
3,4.381405341809215,Thompson-Sampling
3,3.895896829925209,Thompson-Sampling
3,5.121543860693403,Thompson-Sampling
3,4.168955879011617,Thompson-Sampling
3,3.6241830317976693,Thompson-Sampling
3,2.575478026821008,Thompson-Sampling
3,4.252541287761398,Thompson-Sampling
3,4.043060029570326,Thompson-Sampling
3,4.461213674037709,Thompson-Sampling
3,3.0882709160089443,Thompson-Sampling
3,3.426555481576397,Thompson-Sampling
3,4.146707574470739,Thompson-Sampling
3,4.102671374708438,Thompson-Sampling
3,5.619067057337857,Thompson-Sampling
3,5.273546210925897,Thompson-Sampling
3,4.532843508504132,Thompson-Sampling
3,4.767807030285821,Thompson-Sampling
3,4.206234059107133,Thompson-Sampling
3,3.333558197713762,Thompson-Sampling
3,3.1555792326456893,Thompson-Sampling
3,3.51312678689393,Thompson-Sampling
3,2.6661740550455777,Thompson-Sampling
3,2.166364654487856,Thompson-Sampling
3,4.909512349645424,Thompson-Sampling
3,3.3532011936161314,Thompson-Sampling
3,3.743150530899101,Thompson-Sampling
3,6.117196877201328,Thompson-Sampling
3,2.938648407627063,Thompson-Sampling
3,2.955519292210692,Thompson-Sampling
3,3.325375180847905,Thompson-Sampling
3,2.1758514736099164,Thompson-Sampling
3,4.004917225807686,Thompson-Sampling
3,3.8424851379936102,Thompson-Sampling
3,3.1701168474486234,Thompson-Sampling
3,2.9525498437655404,Thompson-Sampling
3,4.345263187039702,Thompson-Sampling
3,2.8343238903704235,Thompson-Sampling
3,5.382268381506405,Thompson-Sampling
3,4.264272072691179,Thompson-Sampling
3,3.6909829248600494,Thompson-Sampling
3,5.1740944929088375,Thompson-Sampling
3,2.8803431563107,Thompson-Sampling
3,3.5399501978647967,Thompson-Sampling
3,4.88263610038231,Thompson-Sampling
3,4.863259590482048,Thompson-Sampling
3,2.6383516225184938,Thompson-Sampling
3,3.386466645791419,Thompson-Sampling
3,6.061576482022998,Thompson-Sampling
3,4.3478407333343805,Thompson-Sampling
3,5.365186005530418,Thompson-Sampling
3,4.620347514618358,Thompson-Sampling
3,4.708934402855773,Thompson-Sampling
3,4.32329504867027,Thompson-Sampling
3,2.735134966114244,Thompson-Sampling
3,2.73725536477568,Thompson-Sampling
3,4.567510242391373,Thompson-Sampling
3,4.285577180736308,Thompson-Sampling
3,4.018777178508175,Thompson-Sampling
3,5.408064455621775,Thompson-Sampling
3,5.255137316323479,Thompson-Sampling
3,3.9025350187781402,Thompson-Sampling
3,4.55273528370968,Thompson-Sampling
3,2.9985757770464128,Thompson-Sampling
3,5.649208339067345,Thompson-Sampling
3,3.4329922895689897,Thompson-Sampling
3,3.029659426914481,Thompson-Sampling
3,1.606885932607625,Thompson-Sampling
3,2.6369960830115975,Thompson-Sampling
3,4.158375403988488,Thompson-Sampling
3,3.3484180436773814,Thompson-Sampling
3,3.7023930852052516,Thompson-Sampling
3,4.930651085480097,Thompson-Sampling
3,2.4176391494563836,Thompson-Sampling
3,4.878857010286135,Thompson-Sampling
3,5.221335295108149,Thompson-Sampling
3,3.168759472320877,Thompson-Sampling
3,2.6843392883013157,Thompson-Sampling
3,3.9525761280313385,Thompson-Sampling
3,2.902707278024181,Thompson-Sampling
3,4.638054549508768,Thompson-Sampling
3,2.20775378545481,Thompson-Sampling
3,3.4283216849234717,Thompson-Sampling
3,4.0710115401671105,Thompson-Sampling
3,6.139149780951732,Thompson-Sampling
3,4.080991500687245,Thompson-Sampling
3,2.9629161580790844,Thompson-Sampling
3,5.124717122729564,Thompson-Sampling
3,5.615016188834155,Thompson-Sampling
3,5.242088254033336,Thompson-Sampling
3,4.197175228300281,Thompson-Sampling
3,3.5001925630026443,Thompson-Sampling
3,2.2816744160561084,Thompson-Sampling
3,3.9624596719429923,Thompson-Sampling
3,3.47749255150148,Thompson-Sampling
3,3.4721632984012896,Thompson-Sampling
3,2.0468410806765958,Thompson-Sampling
3,3.1873100441783344,Thompson-Sampling
3,4.899889609836524,Thompson-Sampling
3,3.0128892870939383,Thompson-Sampling
3,3.9807741234508462,Thompson-Sampling
3,3.03696926184445,Thompson-Sampling
3,4.249086325547581,Thompson-Sampling
3,4.528031156649486,Thompson-Sampling
3,3.886699413072873,Thompson-Sampling
3,1.572959819205677,Thompson-Sampling
3,3.2224595312970767,Thompson-Sampling
3,5.1957430484084615,Thompson-Sampling
3,2.79651040798579,Thompson-Sampling
3,6.062483727082759,Thompson-Sampling
3,1.533320659013134,Thompson-Sampling
3,4.119532559945349,Thompson-Sampling
3,4.532398742567694,Thompson-Sampling
3,3.6433034778540274,Thompson-Sampling
3,3.4681843610144023,Thompson-Sampling
3,4.934048525808434,Thompson-Sampling
3,4.1093032038448625,Thompson-Sampling
3,4.925145910259606,Thompson-Sampling
3,4.6075055458061716,Thompson-Sampling
3,1.6422994072659116,Thompson-Sampling
3,3.1981655153749102,Thompson-Sampling
3,3.8467016738476447,Thompson-Sampling
3,5.167919634279986,Thompson-Sampling
3,4.082455034235095,Thompson-Sampling
3,4.876700762191646,Thompson-Sampling
3,2.359704809726895,Thompson-Sampling
3,4.6626765526583185,Thompson-Sampling
3,2.0514424254486467,Thompson-Sampling
3,3.979261333126006,Thompson-Sampling
3,3.3719421308314192,Thompson-Sampling
3,4.834489251281839,Thompson-Sampling
3,3.8267139950930815,Thompson-Sampling
3,4.4099823022132005,Thompson-Sampling
3,3.308674898209891,Thompson-Sampling
3,4.348613988124137,Thompson-Sampling
3,5.00357960950615,Thompson-Sampling
3,4.3905788890843755,Thompson-Sampling
3,4.634957749749634,Thompson-Sampling
3,4.267970198371074,Thompson-Sampling
3,3.8443245533769175,Thompson-Sampling
3,4.440811177522897,Thompson-Sampling
3,3.551937112998846,Thompson-Sampling
3,3.7491868841350136,Thompson-Sampling
3,5.068217756833128,Thompson-Sampling
3,3.300179799870471,Thompson-Sampling
3,4.410347469738526,Thompson-Sampling
3,4.63865724704849,Thompson-Sampling
3,2.985563220921149,Thompson-Sampling
3,5.088519334592108,Thompson-Sampling
3,4.550406065099616,Thompson-Sampling
3,3.283876576176425,Thompson-Sampling
3,4.339440024577942,Thompson-Sampling
3,4.01518221815125,Thompson-Sampling
3,4.8713222345273435,Thompson-Sampling
3,3.298553525480192,Thompson-Sampling
3,3.6396510463876104,Thompson-Sampling
3,2.967217244167876,Thompson-Sampling
3,5.343928642740094,Thompson-Sampling
3,4.126289397806926,Thompson-Sampling
3,3.641904515700242,Thompson-Sampling
3,4.285784241945042,Thompson-Sampling
3,4.905577052590615,Thompson-Sampling
3,4.951065489738886,Thompson-Sampling
3,3.3864743149281433,Thompson-Sampling
3,1.8206136558057282,Thompson-Sampling
3,4.738011723521115,Thompson-Sampling
3,3.852570779639345,Thompson-Sampling
3,3.857054718147153,Thompson-Sampling
3,3.3368494767314534,Thompson-Sampling
3,3.807807532662628,Thompson-Sampling
3,3.247040962036184,Thompson-Sampling
3,4.688493901964137,Thompson-Sampling
3,2.3335310305588863,Thompson-Sampling
3,5.0712245876582225,Thompson-Sampling
3,2.371005127075482,Thompson-Sampling
3,5.82716857780801,Thompson-Sampling
3,3.9718247191055958,Thompson-Sampling
3,4.355849961713571,Thompson-Sampling
3,5.946831476202786,Thompson-Sampling
3,4.313983580168552,Thompson-Sampling
3,5.149074370655543,Thompson-Sampling
3,4.599965366663345,Thompson-Sampling
3,4.763662789978506,Thompson-Sampling
3,2.9004188044487673,Thompson-Sampling
3,3.030440980293763,Thompson-Sampling
3,4.174360482809075,Thompson-Sampling
3,2.389872573780819,Thompson-Sampling
3,3.6986883407849125,Thompson-Sampling
3,4.220740990009756,Thompson-Sampling
3,4.937209527418851,Thompson-Sampling
3,6.505585099576286,Thompson-Sampling
3,2.885287356844062,Thompson-Sampling
3,3.358891939704434,Thompson-Sampling
3,2.0316005046242345,Thompson-Sampling
3,3.5621320974668804,Thompson-Sampling
3,4.480113293189929,Thompson-Sampling
3,3.091092370297422,Thompson-Sampling
3,5.200045252359462,Thompson-Sampling
3,4.762037083692238,Thompson-Sampling
3,3.0160981226480166,Thompson-Sampling
3,4.254487914809796,Thompson-Sampling
3,4.395390618855642,Thompson-Sampling
3,2.107770259595979,Thompson-Sampling
3,4.243032240455268,Thompson-Sampling
3,5.8733372475300785,Thompson-Sampling
3,3.2682061160281117,Thompson-Sampling
3,3.9738900194557787,Thompson-Sampling
3,4.030903660964131,Thompson-Sampling
3,5.411161480455777,Thompson-Sampling
3,3.4510440867586314,Thompson-Sampling
3,5.171350748412751,Thompson-Sampling
3,4.466246011747625,Thompson-Sampling
3,4.8623486576516735,Thompson-Sampling
3,3.6734703509367024,Thompson-Sampling
3,5.2382245653831045,Thompson-Sampling
3,2.206339827885146,Thompson-Sampling
3,4.455180529515129,Thompson-Sampling
3,5.422183482854887,Thompson-Sampling
3,4.743764359687886,Thompson-Sampling
3,4.923299799903553,Thompson-Sampling
3,3.4745468087411995,Thompson-Sampling
3,5.253888274934849,Thompson-Sampling
3,3.9352116040086456,Thompson-Sampling
3,3.712431350434838,Thompson-Sampling
3,3.712257268582958,Thompson-Sampling
3,2.648269170954833,Thompson-Sampling
3,4.884940761413965,Thompson-Sampling
3,2.511612818916686,Thompson-Sampling
3,5.616080329319788,Thompson-Sampling
3,4.685822504890856,Thompson-Sampling
3,3.4443640852553434,Thompson-Sampling
3,2.5772499753409353,Thompson-Sampling
3,3.622224202467313,Thompson-Sampling
3,3.520720188347095,Thompson-Sampling
3,2.6288146196107633,Thompson-Sampling
3,5.069350445317537,Thompson-Sampling
3,6.15835312713182,Thompson-Sampling
3,3.541702991671848,Thompson-Sampling
3,2.967553627877364,Thompson-Sampling
3,2.7523910477683806,Thompson-Sampling
3,3.7116922263509338,Thompson-Sampling
3,2.4104745202479934,Thompson-Sampling
3,5.963934996032186,Thompson-Sampling
3,4.287142896449124,Thompson-Sampling
3,2.7886466198952284,Thompson-Sampling
3,4.015596472639763,Thompson-Sampling
3,2.7965945137457124,Thompson-Sampling
3,3.816735204704866,Thompson-Sampling
3,3.690423400693488,Thompson-Sampling
3,3.1516991540782913,Thompson-Sampling
3,5.958976696738883,Thompson-Sampling
3,3.3444318708249328,Thompson-Sampling
3,4.592590781623085,Thompson-Sampling
3,4.71028700668404,Thompson-Sampling
3,4.889076469027982,Thompson-Sampling
3,3.321996756973591,Thompson-Sampling
3,5.215196953602953,Thompson-Sampling
3,5.800442229102483,Thompson-Sampling
3,4.590852727002309,Thompson-Sampling
3,2.8590329383724926,Thompson-Sampling
3,3.340078526358221,Thompson-Sampling
3,5.590701422276657,Thompson-Sampling
3,2.047172741304177,Thompson-Sampling
3,2.994643804355982,Thompson-Sampling
3,3.00335473843444,Thompson-Sampling
3,3.1538577345607752,Thompson-Sampling
3,6.030678667329445,Thompson-Sampling
3,3.0135643025168513,Thompson-Sampling
3,2.590484911390749,Thompson-Sampling
3,2.659917863740949,Thompson-Sampling
3,5.794675266158327,Thompson-Sampling
3,3.3414605447708494,Thompson-Sampling
3,3.463688963811985,Thompson-Sampling
3,5.305163727533735,Thompson-Sampling
3,2.9021129281616296,Thompson-Sampling
3,4.757616474350678,Thompson-Sampling
3,5.402151811915214,Thompson-Sampling
3,4.677914291842834,Thompson-Sampling
3,2.84254677657838,Thompson-Sampling
3,4.561513234446469,Thompson-Sampling
3,3.932366417667492,Thompson-Sampling
3,3.732234363563065,Thompson-Sampling
3,4.633272492858608,Thompson-Sampling
3,3.588082320695236,Thompson-Sampling
3,5.583577177986129,Thompson-Sampling
3,3.6433388135327966,Thompson-Sampling
3,2.535595677357626,Thompson-Sampling
3,4.73717990055242,Thompson-Sampling
3,3.483380883008911,Thompson-Sampling
3,3.3491381998668586,Thompson-Sampling
3,3.225133160216573,Thompson-Sampling
3,3.331071922513236,Thompson-Sampling
3,4.02181264897342,Thompson-Sampling
3,5.149791899531241,Thompson-Sampling
3,4.797241425802562,Thompson-Sampling
3,2.1466053634458993,Thompson-Sampling
3,3.7058297639293354,Thompson-Sampling
3,4.312028175618872,Thompson-Sampling
3,5.034435841205793,Thompson-Sampling
3,3.3049211768052986,Thompson-Sampling
3,5.426189440523395,Thompson-Sampling
3,3.962916957101588,Thompson-Sampling
3,3.4385129829610266,Thompson-Sampling
3,3.8139391101135396,Thompson-Sampling
3,3.5394499469378298,Thompson-Sampling
3,3.6807689899363196,Thompson-Sampling
3,4.336903725016072,Thompson-Sampling
3,3.7819894658593958,Thompson-Sampling
3,3.431813435542323,Thompson-Sampling
3,3.546089266805346,Thompson-Sampling
3,3.6245039301639728,Thompson-Sampling
3,5.381354565383232,Thompson-Sampling
3,3.372144955393418,Thompson-Sampling
3,3.244057635392664,Thompson-Sampling
3,4.562198610263821,Thompson-Sampling
3,5.386434094546047,Thompson-Sampling
3,4.155123507463063,Thompson-Sampling
3,4.536493241080445,Thompson-Sampling
3,5.476452194646841,Thompson-Sampling
3,5.349872375239666,Thompson-Sampling
3,2.8412957606399525,Thompson-Sampling
3,5.149691209318347,Thompson-Sampling
3,3.7849969542823345,Thompson-Sampling
3,4.437257472502657,Thompson-Sampling
3,3.829844513189937,Thompson-Sampling
3,3.849696921704057,Thompson-Sampling
3,5.5113537691852015,Thompson-Sampling
3,3.6564344531662436,Thompson-Sampling
3,4.809162001540322,Thompson-Sampling
3,3.1985312945196425,Thompson-Sampling
3,4.6112162943034765,Thompson-Sampling
3,5.3903262988556255,Thompson-Sampling
3,5.218996373491682,Thompson-Sampling
3,3.4373188043572522,Thompson-Sampling
3,3.4755831319490134,Thompson-Sampling
3,4.6702403234787315,Thompson-Sampling
3,3.425080864957798,Thompson-Sampling
3,4.163520155216176,Thompson-Sampling
3,3.228683652911306,Thompson-Sampling
3,3.5532425820812445,Thompson-Sampling
3,2.3710692427792353,Thompson-Sampling
3,4.443359602693234,Thompson-Sampling
3,2.6211947399576747,Thompson-Sampling
3,0.5945245003059441,Thompson-Sampling
3,4.086850675411009,Thompson-Sampling
3,4.011514105308342,Thompson-Sampling
3,5.123221273886235,Thompson-Sampling
3,5.954369787786259,Thompson-Sampling
3,3.4217387656767486,Thompson-Sampling
3,3.055191328951407,Thompson-Sampling
3,2.975028535279761,Thompson-Sampling
3,5.193850011179339,Thompson-Sampling
3,4.573003269378313,Thompson-Sampling
3,4.848342328829136,Thompson-Sampling
3,3.422660806346096,Thompson-Sampling
3,2.6179753432761137,Thompson-Sampling
3,3.7944613010974417,Thompson-Sampling
3,3.8084588178491794,Thompson-Sampling
3,3.421951255521895,Thompson-Sampling
3,4.487624769407726,Thompson-Sampling
3,1.911773619589642,Thompson-Sampling
3,5.017371889999882,Thompson-Sampling
3,5.795010917996253,Thompson-Sampling
3,4.598560628665081,Thompson-Sampling
3,4.422733396453092,Thompson-Sampling
3,4.958954330564727,Thompson-Sampling
3,1.67811123228529,Thompson-Sampling
3,4.625939163837604,Thompson-Sampling
3,4.496945532262157,Thompson-Sampling
3,4.764222691479492,Thompson-Sampling
3,2.922776720219012,Thompson-Sampling
3,4.558199183879339,Thompson-Sampling
3,4.449148119565486,Thompson-Sampling
3,3.5660100569032567,Thompson-Sampling
3,5.1663781502289705,Thompson-Sampling
3,3.9285756961166185,Thompson-Sampling
3,2.7636240161764976,Thompson-Sampling
3,4.228866284954107,Thompson-Sampling
3,4.062236089942497,Thompson-Sampling
3,4.472746445991424,Thompson-Sampling
3,4.886531211414467,Thompson-Sampling
3,2.7065442561356807,Thompson-Sampling
3,3.6864859810257697,Thompson-Sampling
3,4.2025929112450235,Thompson-Sampling
3,3.983738198911885,Thompson-Sampling
3,4.972664853976946,Thompson-Sampling
3,4.352094657894587,Thompson-Sampling
3,2.7268317885959057,Thompson-Sampling
3,2.801951922225861,Thompson-Sampling
3,4.296801927577717,Thompson-Sampling
3,3.4024612909614547,Thompson-Sampling
3,5.319251930972113,Thompson-Sampling
3,1.687012237247214,Thompson-Sampling
3,4.110458448778424,Thompson-Sampling
3,3.9103427342216954,Thompson-Sampling
3,2.6045787148414323,Thompson-Sampling
3,3.4609276070532244,Thompson-Sampling
3,3.42413539369309,Thompson-Sampling
3,5.204971994358779,Thompson-Sampling
3,4.5215595668984605,Thompson-Sampling
3,4.86748357719614,Thompson-Sampling
3,4.063399602739351,Thompson-Sampling
3,4.210342169280456,Thompson-Sampling
3,3.8421668111447813,Thompson-Sampling
3,4.070599273201853,Thompson-Sampling
3,3.597913849113056,Thompson-Sampling
3,2.149284718626732,Thompson-Sampling
3,5.056970064517178,Thompson-Sampling
3,3.683555813486429,Thompson-Sampling
3,3.2986735377903242,Thompson-Sampling
3,3.911135234796906,Thompson-Sampling
3,3.4533182621016065,Thompson-Sampling
3,3.7667489992242515,Thompson-Sampling
3,4.525782876678399,Thompson-Sampling
3,4.224810878466619,Thompson-Sampling
3,4.503147758113817,Thompson-Sampling
3,4.6203283718991655,Thompson-Sampling
3,5.439339317243292,Thompson-Sampling
3,2.964877983768856,Thompson-Sampling
3,3.3490276321102144,Thompson-Sampling
3,3.6566915976505787,Thompson-Sampling
3,4.080175412037661,Thompson-Sampling
3,4.909625244111293,Thompson-Sampling
3,3.954066064865028,Thompson-Sampling
3,4.040253587967589,Thompson-Sampling
3,1.2731523013013084,Thompson-Sampling
3,2.664642424248213,Thompson-Sampling
3,4.322896610130016,Thompson-Sampling
3,4.205948992935341,Thompson-Sampling
3,4.0002551765130345,Thompson-Sampling
3,4.794252636314308,Thompson-Sampling
3,7.385349664145938,Thompson-Sampling
3,4.496703434703217,Thompson-Sampling
3,6.000909961903224,Thompson-Sampling
3,6.1255107980371815,Thompson-Sampling
3,2.567615636940859,Thompson-Sampling
3,4.4753642265839115,Thompson-Sampling
3,5.353308145200281,Thompson-Sampling
3,3.28164996409857,Thompson-Sampling
3,4.263458805756556,Thompson-Sampling
3,2.161683746613651,Thompson-Sampling
3,3.788513388204475,Thompson-Sampling
3,2.608364130469079,Thompson-Sampling
3,2.3952730049391198,Thompson-Sampling
3,3.6177172808743685,Thompson-Sampling
3,5.166342338814864,Thompson-Sampling
3,4.175228362908368,Thompson-Sampling
3,3.67821748286021,Thompson-Sampling
3,4.839461133367395,Thompson-Sampling
3,3.4170793666970347,Thompson-Sampling
3,3.057165832296398,Thompson-Sampling
3,1.8873303449935608,Thompson-Sampling
3,3.7423702501508815,Thompson-Sampling
3,6.193144910094814,Thompson-Sampling
3,2.5989174197825964,Thompson-Sampling
3,6.363489523699089,Thompson-Sampling
3,2.4176550702411514,Thompson-Sampling
3,5.670948021697769,Thompson-Sampling
3,3.7958229577051603,Thompson-Sampling
3,4.123836302115584,Thompson-Sampling
3,3.4195942144750946,Thompson-Sampling
3,3.907730129806061,Thompson-Sampling
3,2.526570765874226,Thompson-Sampling
3,3.3927781534064243,Thompson-Sampling
3,5.18814813305435,Thompson-Sampling
3,4.950212833995435,Thompson-Sampling
3,5.036898357670049,Thompson-Sampling
3,2.418158776981678,Thompson-Sampling
3,2.548249203875869,Thompson-Sampling
3,3.8024655832891834,Thompson-Sampling
3,3.4265915464393064,Thompson-Sampling
3,1.3307346435289715,Thompson-Sampling
3,4.139052195372427,Thompson-Sampling
3,3.763858090125409,Thompson-Sampling
3,3.272064140454346,Thompson-Sampling
3,1.2973953100474334,Thompson-Sampling
3,1.8873400744684843,Thompson-Sampling
3,3.3228413040564746,Thompson-Sampling
3,3.8971416368682816,Thompson-Sampling
3,4.673011809652256,Thompson-Sampling
3,5.162620789116301,Thompson-Sampling
3,5.413900564494907,Thompson-Sampling
3,5.395049526365436,Thompson-Sampling
3,4.22487151980613,Thompson-Sampling
3,3.28492901874021,Thompson-Sampling
3,1.2633045878604046,Thompson-Sampling
3,3.4515755779976995,Thompson-Sampling
3,5.366939878182823,Thompson-Sampling
3,2.011867613905395,Thompson-Sampling
3,5.167861092528464,Thompson-Sampling
3,5.032223440986472,Thompson-Sampling
3,6.102830224560234,Thompson-Sampling
3,2.690974135949919,Thompson-Sampling
3,4.8167184546248,Thompson-Sampling
3,4.72212766802325,Thompson-Sampling
3,2.777033639707155,Thompson-Sampling
3,3.308817251056982,Thompson-Sampling
3,3.3952275825979856,Thompson-Sampling
3,4.025624179922615,Thompson-Sampling
3,6.973137015787765,Thompson-Sampling
3,3.1617353202985754,Thompson-Sampling
3,4.491059449842589,Thompson-Sampling
3,3.820419393969246,Thompson-Sampling
3,4.396723621749116,Thompson-Sampling
3,3.7863992749980055,Thompson-Sampling
3,3.7318108881969505,Thompson-Sampling
3,3.7066762851431037,Thompson-Sampling
3,3.7197206497883037,Thompson-Sampling
3,2.081654919630802,Thompson-Sampling
3,2.278709631728529,Thompson-Sampling
3,5.763612941649938,Thompson-Sampling
3,5.048377040991111,Thompson-Sampling
3,5.699744185305184,Thompson-Sampling
3,2.915016536201766,Thompson-Sampling
3,3.649741088436204,Thompson-Sampling
3,4.048544083058697,Thompson-Sampling
3,3.4017155088906734,Thompson-Sampling
3,4.522300188297123,Thompson-Sampling
3,5.0514872264122515,Thompson-Sampling
3,5.062896485012755,Thompson-Sampling
3,5.478571149948349,Thompson-Sampling
3,5.210394927278944,Thompson-Sampling
3,3.4816228361447403,Thompson-Sampling
3,4.482708492249463,Thompson-Sampling
3,4.687408797306424,Thompson-Sampling
3,4.222796805293236,Thompson-Sampling
3,4.8347534667601275,Thompson-Sampling
3,4.882727599973824,Thompson-Sampling
3,5.296333861828271,Thompson-Sampling
3,2.6308711968324334,Thompson-Sampling
3,4.612262351910856,Thompson-Sampling
3,5.809072982172753,Thompson-Sampling
3,3.7128489123743904,Thompson-Sampling
3,2.3246931058052986,Thompson-Sampling
3,3.445512131635116,Thompson-Sampling
3,4.006967876026273,Thompson-Sampling
3,4.613391779712739,Thompson-Sampling
3,5.628696255246182,Thompson-Sampling
3,2.9776534294018893,Thompson-Sampling
3,5.896687876823586,Thompson-Sampling
3,4.826176339345178,Thompson-Sampling
3,4.337860391999769,Thompson-Sampling
3,3.0515450626192058,Thompson-Sampling
3,4.756525880123132,Thompson-Sampling
3,4.672933561798281,Thompson-Sampling
3,4.660716233938401,Thompson-Sampling
3,5.045248804855943,Thompson-Sampling
3,3.7706659024688878,Thompson-Sampling
3,4.142225706738881,Thompson-Sampling
3,5.710604136457474,Thompson-Sampling
3,4.136719272376131,Thompson-Sampling
3,5.32870324017725,Thompson-Sampling
3,2.3643641064363763,Thompson-Sampling
3,3.222783335460053,Thompson-Sampling
3,4.27358090947813,Thompson-Sampling
3,4.465953858148506,Thompson-Sampling
3,5.582572515465684,Thompson-Sampling
3,3.4379594146804062,Thompson-Sampling
3,4.702612631148622,Thompson-Sampling
3,3.341353824714212,Thompson-Sampling
3,5.838961262431394,Thompson-Sampling
3,3.872054305859735,Thompson-Sampling
3,6.924719900495736,Thompson-Sampling
3,3.1451500016450273,Thompson-Sampling
3,4.687727630337031,Thompson-Sampling
3,5.8168145781452125,Thompson-Sampling
3,5.1008435892893305,Thompson-Sampling
3,5.053505419322702,Thompson-Sampling
3,5.161512873656655,Thompson-Sampling
3,4.552703982750744,Thompson-Sampling
3,4.590782006666176,Thompson-Sampling
3,2.7627760509691015,Thompson-Sampling
3,4.336350129327914,Thompson-Sampling
3,5.301234478988903,Thompson-Sampling
3,2.5990827124849973,Thompson-Sampling
3,4.256398326767224,Thompson-Sampling
3,4.85520972526674,Thompson-Sampling
3,2.404134995141768,Thompson-Sampling
3,3.996268466770988,Thompson-Sampling
3,5.044478723266518,Thompson-Sampling
3,3.692848951278188,Thompson-Sampling
3,3.593662371609621,Thompson-Sampling
3,4.625698712184827,Thompson-Sampling
3,3.6790748482492353,Thompson-Sampling
3,3.016199890360271,Thompson-Sampling
3,3.699537821339581,Thompson-Sampling
3,5.8636148274667415,Thompson-Sampling
3,4.42826793067081,Thompson-Sampling
3,3.2655997210645364,Thompson-Sampling
3,3.6219017024820763,Thompson-Sampling
3,4.158855131335778,Thompson-Sampling
3,4.035236683578862,Thompson-Sampling
3,4.2210710883908344,Thompson-Sampling
3,5.48083660148059,Thompson-Sampling
3,4.391490380118895,Thompson-Sampling
3,3.3799206913890827,Thompson-Sampling
3,3.9648602402742203,Thompson-Sampling
3,4.055357786365336,Thompson-Sampling
3,3.9081367658500916,Thompson-Sampling
3,4.439061646043327,Thompson-Sampling
3,4.395964002087237,Thompson-Sampling
3,1.711397520676262,Thompson-Sampling
3,6.386739244574542,Thompson-Sampling
3,3.3965884557783204,Thompson-Sampling
3,4.068214284914986,Thompson-Sampling
3,5.044328750120557,Thompson-Sampling
3,4.749872384037614,Thompson-Sampling
3,3.5486997196514585,Thompson-Sampling
3,3.8842264700221283,Thompson-Sampling
3,3.205039935044474,Thompson-Sampling
3,2.6387100292263552,Thompson-Sampling
3,4.562255760697565,Thompson-Sampling
3,3.0722273624841274,Thompson-Sampling
3,4.158858051715529,Thompson-Sampling
3,4.455157730406493,Thompson-Sampling
3,4.165510592089273,Thompson-Sampling
3,5.899868467946645,Thompson-Sampling
3,3.932373400330046,Thompson-Sampling
3,3.619547516024885,Thompson-Sampling
3,3.767285711850174,Thompson-Sampling
3,4.2819545673136865,Thompson-Sampling
3,3.6915034221165532,Thompson-Sampling
3,2.4439474848283833,Thompson-Sampling
3,4.355971698183472,Thompson-Sampling
3,3.2368058076201613,Thompson-Sampling
3,3.298710272632211,Thompson-Sampling
3,4.4589584372888735,Thompson-Sampling
3,2.885346468993389,Thompson-Sampling
3,6.0313266327508686,Thompson-Sampling
3,4.282217231739675,Thompson-Sampling
3,2.528772542680348,Thompson-Sampling
3,3.6796484772925235,Thompson-Sampling
3,4.305721672201673,Thompson-Sampling
3,4.111510112785043,Thompson-Sampling
3,4.041169893083392,Thompson-Sampling
3,4.724551415372066,Thompson-Sampling
3,4.529708671253516,Thompson-Sampling
3,3.572985790575662,Thompson-Sampling
3,2.398043446161257,Thompson-Sampling
3,4.053837031778766,Thompson-Sampling
3,4.252716670232776,Thompson-Sampling
3,5.223723265769908,Thompson-Sampling
3,4.805387139623454,Thompson-Sampling
3,5.326324642068957,Thompson-Sampling
3,4.467239864553791,Thompson-Sampling
3,3.4771455804348492,Thompson-Sampling
3,3.514074838904698,Thompson-Sampling
3,4.438953749973628,Thompson-Sampling
3,2.741947374062871,Thompson-Sampling
3,5.957884685965704,Thompson-Sampling
3,6.452319557495357,Thompson-Sampling
3,3.0383117138624423,Thompson-Sampling
3,3.067280249800356,Thompson-Sampling
3,4.398962269239283,Thompson-Sampling
3,2.348200775793358,Thompson-Sampling
3,3.664824690456423,Thompson-Sampling
3,3.44652461710859,Thompson-Sampling
3,2.6519421650772603,Thompson-Sampling
3,4.811920166823401,Thompson-Sampling
3,4.0273805817657395,Thompson-Sampling
3,4.85355247205157,Thompson-Sampling
3,4.060563468610511,Thompson-Sampling
3,2.193176972602984,Thompson-Sampling
3,4.422921759753167,Thompson-Sampling
3,2.818859346979952,Thompson-Sampling
3,4.093613659748805,Thompson-Sampling
3,4.471647193878635,Thompson-Sampling
3,2.7038901683103407,Thompson-Sampling
3,2.978415414673319,Thompson-Sampling
3,3.6237619145863587,Thompson-Sampling
3,4.620787596494562,Thompson-Sampling
3,2.8461797779631253,Thompson-Sampling
3,3.805958186337103,Thompson-Sampling
3,3.6459152936231423,Thompson-Sampling
3,3.9816136345601185,Thompson-Sampling
3,4.226369277033216,Thompson-Sampling
3,4.441664692919233,Thompson-Sampling
3,2.845704662516361,Thompson-Sampling
3,4.921213499272462,Thompson-Sampling
3,5.166561056067296,Thompson-Sampling
3,3.032633342205513,Thompson-Sampling
3,5.929189938360992,Thompson-Sampling
3,3.9702045714477947,Thompson-Sampling
3,3.8889223196848004,Thompson-Sampling
3,4.254175875201231,Thompson-Sampling
3,4.358208042057233,Thompson-Sampling
3,4.926535596272203,Thompson-Sampling
3,3.053914694934642,Thompson-Sampling
3,4.998383651660702,Thompson-Sampling
3,5.184465310172104,Thompson-Sampling
3,1.7612212188096947,Thompson-Sampling
3,4.5103020632125075,Thompson-Sampling
3,3.938393484228552,Thompson-Sampling
3,2.419090290534921,Thompson-Sampling
3,2.816886173536685,Thompson-Sampling
3,2.052040554169925,Thompson-Sampling
3,5.677831759231749,Thompson-Sampling
3,5.047714626701163,Thompson-Sampling
3,5.878589707554887,Thompson-Sampling
3,3.8666857816809066,Thompson-Sampling
3,6.076153783408149,Thompson-Sampling
3,4.1115265063915585,Thompson-Sampling
3,4.0447371804257815,Thompson-Sampling
3,2.516516345162882,Thompson-Sampling
3,3.4233510634085738,Thompson-Sampling
3,3.709483249165613,Thompson-Sampling
3,3.300190749835145,Thompson-Sampling
3,4.908880734196556,Thompson-Sampling
3,5.565767228468519,Thompson-Sampling
3,6.922645831832845,Thompson-Sampling
3,5.794343973641131,Thompson-Sampling
3,1.6534992696301045,Thompson-Sampling
3,6.07573519220135,Thompson-Sampling
3,4.832663934298944,Thompson-Sampling
3,3.0655316660588134,Thompson-Sampling
3,5.480051911733765,Thompson-Sampling
3,4.4092420528449,Thompson-Sampling
3,4.4489692451052125,Thompson-Sampling
3,2.953692871559423,Thompson-Sampling
3,2.399623920190345,Thompson-Sampling
3,3.5128916750028996,Thompson-Sampling
3,3.5991348622362276,Thompson-Sampling
3,3.389724820717268,Thompson-Sampling
3,5.21517297696557,Thompson-Sampling
3,4.628773768756964,Thompson-Sampling
3,3.3658298904002644,Thompson-Sampling
3,4.578949041978172,Thompson-Sampling
3,4.27662981051786,Thompson-Sampling
3,4.234834496794768,Thompson-Sampling
3,3.370134338954949,Thompson-Sampling
3,3.3691141204859028,Thompson-Sampling
3,3.8403659369809677,Thompson-Sampling
3,3.7276072214495892,Thompson-Sampling
3,3.058628197700962,Thompson-Sampling
3,3.303835505130572,Thompson-Sampling
3,4.367377640285886,Thompson-Sampling
3,4.752091096295914,Thompson-Sampling
3,1.947082659677534,Thompson-Sampling
3,3.6222502613900165,Thompson-Sampling
3,5.198398362152709,Thompson-Sampling
3,3.7842168201903643,Thompson-Sampling
3,3.933187793728482,Thompson-Sampling
3,2.6172198296697684,Thompson-Sampling
3,3.9332237448056437,Thompson-Sampling
3,2.61411482549315,Thompson-Sampling
3,5.07994587115782,Thompson-Sampling
3,4.482903343555624,Thompson-Sampling
3,4.640583644107146,Thompson-Sampling
3,4.724510306161328,Thompson-Sampling
3,5.298691795623967,Thompson-Sampling
3,4.530128086481275,Thompson-Sampling
3,1.6478234302840438,Thompson-Sampling
3,5.356603976702461,Thompson-Sampling
3,3.4394395413381256,Thompson-Sampling
3,3.058477314272585,Thompson-Sampling
3,4.468798705286284,Thompson-Sampling
3,4.1918560736694905,Thompson-Sampling
3,6.321048094949245,Thompson-Sampling
3,4.6251092704528665,Thompson-Sampling
3,4.595577714075484,Thompson-Sampling
3,4.108489503518824,Thompson-Sampling
3,5.526475957126765,Thompson-Sampling
3,5.48464577421273,Thompson-Sampling
3,3.976567414131225,Thompson-Sampling
3,4.854823819862684,Thompson-Sampling
3,4.809518353864673,Thompson-Sampling
3,3.660908014291014,Thompson-Sampling
3,4.782959502385565,Thompson-Sampling
3,3.050919622051336,Thompson-Sampling
3,4.595225489673137,Thompson-Sampling
3,4.567820970514618,Thompson-Sampling
3,3.590469662057851,Thompson-Sampling
3,3.614519605736934,Thompson-Sampling
3,4.678711595829857,Thompson-Sampling
3,3.8003107660214783,Thompson-Sampling
3,1.623928681422083,Thompson-Sampling
3,2.886780938069432,Thompson-Sampling
3,4.229457931679742,Thompson-Sampling
3,3.146496596776842,Thompson-Sampling
3,3.856461762673539,Thompson-Sampling
3,4.932147204375918,Thompson-Sampling
3,5.582247400272123,Thompson-Sampling
3,3.3808840816464527,Thompson-Sampling
3,4.285773276643132,Thompson-Sampling
3,3.5935477062961088,Thompson-Sampling
3,4.691307331375826,Thompson-Sampling
3,4.502939637449819,Thompson-Sampling
3,3.4346711276379738,Thompson-Sampling
3,3.5516236641965184,Thompson-Sampling
3,4.376445744013743,Thompson-Sampling
3,4.667292452671364,Thompson-Sampling
3,3.2058150503949214,Thompson-Sampling
3,3.4558062697433147,Thompson-Sampling
3,3.337216295769436,Thompson-Sampling
3,4.0065782500409375,Thompson-Sampling
3,5.046458214462866,Thompson-Sampling
3,4.508710302390435,Thompson-Sampling
3,3.69817137540458,Thompson-Sampling
3,4.1228729649192255,Thompson-Sampling
3,1.473666058985938,Thompson-Sampling
3,4.090292078214979,Thompson-Sampling
3,5.837235395285914,Thompson-Sampling
3,4.685006114873843,Thompson-Sampling
3,3.722145998068087,Thompson-Sampling
3,4.022134452028373,Thompson-Sampling
3,4.9633276351368245,Thompson-Sampling
3,3.2489477043684603,Thompson-Sampling
3,3.969440196296267,Thompson-Sampling
3,4.268530934179768,Thompson-Sampling
3,4.965635092068587,Thompson-Sampling
3,3.6506028102097963,Thompson-Sampling
3,3.509847536921849,Thompson-Sampling
3,4.715800903192806,Thompson-Sampling
3,3.9048988716201865,Thompson-Sampling
3,4.053645925764823,Thompson-Sampling
3,4.6290703938612765,Thompson-Sampling
3,6.089872920945673,Thompson-Sampling
3,4.361733471187661,Thompson-Sampling
3,2.5675118142799898,Thompson-Sampling
3,4.967398728081958,Thompson-Sampling
3,5.789731354645131,Thompson-Sampling
3,5.07762576644509,Thompson-Sampling
3,3.7517997848590645,Thompson-Sampling
3,4.2609353847010585,Thompson-Sampling
3,3.466109033959919,Thompson-Sampling
3,3.2717828249181005,Thompson-Sampling
3,2.717254570455526,Thompson-Sampling
3,3.5712746111680342,Thompson-Sampling
3,3.4206498541173778,Thompson-Sampling
3,4.96919063752029,Thompson-Sampling
3,3.8132473353237764,Thompson-Sampling
3,3.2061063325131802,Thompson-Sampling
3,3.6841450639538977,Thompson-Sampling
3,4.581437161279404,Thompson-Sampling
3,3.6733206568750343,Thompson-Sampling
3,4.596225332067654,Thompson-Sampling
3,5.155364714260506,Thompson-Sampling
3,4.692202275859455,Thompson-Sampling
3,3.5945694300632285,Thompson-Sampling
3,4.454131160797467,Thompson-Sampling
3,4.617996981618426,Thompson-Sampling
3,4.0489771401358885,Thompson-Sampling
3,3.6669255248149906,Thompson-Sampling
3,3.8191096103694164,Thompson-Sampling
3,4.142389006612495,Thompson-Sampling
3,3.7170386688368313,Thompson-Sampling
3,5.005345153220701,Thompson-Sampling
3,4.424264783444501,Thompson-Sampling
3,4.981788297932535,Thompson-Sampling
3,3.152992197702694,Thompson-Sampling
3,4.551182817973258,Thompson-Sampling
3,2.6694166378189546,Thompson-Sampling
3,4.755363047116685,Thompson-Sampling
3,3.754845561044735,Thompson-Sampling
3,3.574755506279442,Thompson-Sampling
3,4.971379732019333,Thompson-Sampling
3,6.03587639445275,Thompson-Sampling
3,4.602304393861855,Thompson-Sampling
3,5.483881109087177,Thompson-Sampling
3,4.822991602742481,Thompson-Sampling
3,2.8495477573855337,Thompson-Sampling
3,4.955947629950719,Thompson-Sampling
3,4.804085719150162,Thompson-Sampling
3,4.559950505200265,Thompson-Sampling
3,3.9865406190435295,Thompson-Sampling
3,4.909712335116747,Thompson-Sampling
3,3.6949627046346296,Thompson-Sampling
3,3.2645718407283777,Thompson-Sampling
3,3.7570554985430618,Thompson-Sampling
3,3.702751728091843,Thompson-Sampling
3,4.605678537747987,Thompson-Sampling
3,3.3839314228159103,Thompson-Sampling
3,5.180300356411196,Thompson-Sampling
3,3.748849499562092,Thompson-Sampling
3,4.98196640633102,Thompson-Sampling
3,3.3762258040680675,Thompson-Sampling
3,5.508993388615692,Thompson-Sampling
3,4.197895352590632,Thompson-Sampling
3,3.080044216703468,Thompson-Sampling
3,5.809597072742749,Thompson-Sampling
3,3.5476398461540057,Thompson-Sampling
3,4.222728227357686,Thompson-Sampling
3,3.460745234916288,Thompson-Sampling
3,3.2531639957691865,Thompson-Sampling
3,5.253153006908436,Thompson-Sampling
3,3.084073905475736,Thompson-Sampling
3,2.5366361497663967,Thompson-Sampling
3,4.183548849250186,Thompson-Sampling
3,3.5094474844197414,Thompson-Sampling
3,3.1964130997158726,Thompson-Sampling
3,2.890617427225539,Thompson-Sampling
3,4.808812257610681,Thompson-Sampling
3,5.481934196904287,Thompson-Sampling
3,4.524844897639865,Thompson-Sampling
3,4.495606185095502,Thompson-Sampling
3,3.6693351923765136,Thompson-Sampling
3,3.9530798188675043,Thompson-Sampling
3,4.353655742549029,Thompson-Sampling
3,3.535689843611566,Thompson-Sampling
3,3.456429459709235,Thompson-Sampling
3,3.5065182494934772,Thompson-Sampling
3,3.1885790419429143,Thompson-Sampling
3,3.5861375730656087,Thompson-Sampling
3,4.340800679827767,Thompson-Sampling
3,3.6650089508374286,Thompson-Sampling
3,3.8510384831149307,Thompson-Sampling
3,4.274723153503731,Thompson-Sampling
3,4.896024245852841,Thompson-Sampling
3,3.710414611397941,Thompson-Sampling
3,3.3815155199288585,Thompson-Sampling
3,3.875487721029021,Thompson-Sampling
3,4.557681296587628,Thompson-Sampling
3,2.8790565900376484,Thompson-Sampling
3,2.479797056448974,Thompson-Sampling
3,3.861770282850883,Thompson-Sampling
3,4.020334904774173,Thompson-Sampling
3,3.1829665839748187,Thompson-Sampling
3,4.282033502894868,Thompson-Sampling
3,3.461677062262727,Thompson-Sampling
3,3.732244750928491,Thompson-Sampling
3,3.577904390924135,Thompson-Sampling
3,3.297912075148195,Thompson-Sampling
3,3.590720795101181,Thompson-Sampling
3,3.3713206869148165,Thompson-Sampling
3,3.347257482784113,Thompson-Sampling
3,2.834744344802263,Thompson-Sampling
3,5.645746617493911,Thompson-Sampling
3,4.41731609581127,Thompson-Sampling
3,4.884001139090882,Thompson-Sampling
3,4.572355790056804,Thompson-Sampling
3,5.434486749500505,Thompson-Sampling
3,4.620522304554723,Thompson-Sampling
3,3.755402866817203,Thompson-Sampling
3,3.5427325966393486,Thompson-Sampling
3,4.513387669271045,Thompson-Sampling
3,5.992982932464478,Thompson-Sampling
3,4.067055593501426,Thompson-Sampling
3,4.676122660102359,Thompson-Sampling
3,2.8615103348591653,Thompson-Sampling
3,3.9911421858156344,Thompson-Sampling
3,3.9956135861794113,Thompson-Sampling
3,3.9275764512790508,Thompson-Sampling
3,5.744130059546311,Thompson-Sampling
3,4.755562552167669,Thompson-Sampling
3,4.980563030118651,Thompson-Sampling
3,3.444057495993757,Thompson-Sampling
3,2.66227709859293,Thompson-Sampling
3,3.898324152710529,Thompson-Sampling
3,5.4093738268219,Thompson-Sampling
3,3.200423661984312,Thompson-Sampling
3,4.880663607355241,Thompson-Sampling
3,4.179488770479872,Thompson-Sampling
3,3.658603773946,Thompson-Sampling
3,3.896243347110581,Thompson-Sampling
3,3.697354406109058,Thompson-Sampling
3,5.34824283508632,Thompson-Sampling
3,4.012822095734677,Thompson-Sampling
3,5.661003560476872,Thompson-Sampling
3,2.705325700143022,Thompson-Sampling
3,3.6149790084178877,Thompson-Sampling
3,4.270278448517859,Thompson-Sampling
3,3.6530964413804585,Thompson-Sampling
3,3.694640656144786,Thompson-Sampling
3,4.517529543433141,Thompson-Sampling
3,4.51079433791717,Thompson-Sampling
3,3.740373071411101,Thompson-Sampling
3,3.0755747643477056,Thompson-Sampling
3,2.2593598868299205,Thompson-Sampling
3,3.2402184895097497,Thompson-Sampling
3,5.491422463765515,Thompson-Sampling
3,5.05342976619636,Thompson-Sampling
3,3.9055173058207173,Thompson-Sampling
3,3.5102510539436254,Thompson-Sampling
3,5.343362929055824,Thompson-Sampling
3,5.935667087356869,Thompson-Sampling
3,2.617880843877847,Thompson-Sampling
3,5.439797312940054,Thompson-Sampling
3,5.160221912351376,Thompson-Sampling
3,3.878027589912971,Thompson-Sampling
3,2.525716745754508,Thompson-Sampling
3,5.806360768290964,Thompson-Sampling
3,3.6044685052308325,Thompson-Sampling
3,2.9035178567773947,Thompson-Sampling
3,4.435417687028927,Thompson-Sampling
3,4.287871667575747,Thompson-Sampling
3,3.5176250898685013,Thompson-Sampling
3,3.351018135116502,Thompson-Sampling
3,3.44042067797136,Thompson-Sampling
3,4.762061316510588,Thompson-Sampling
3,4.467940680661026,Thompson-Sampling
3,3.5426081721008713,Thompson-Sampling
3,4.951356468276611,Thompson-Sampling
3,5.892556164145426,Thompson-Sampling
3,4.494957446075551,Thompson-Sampling
3,4.972846643424346,Thompson-Sampling
3,2.996843972852698,Thompson-Sampling
3,6.223206160679768,Thompson-Sampling
3,4.982310111078498,Thompson-Sampling
3,4.8878062452894815,Thompson-Sampling
3,5.924687945133877,Thompson-Sampling
3,4.47441864040976,Thompson-Sampling
3,4.610338220946235,Thompson-Sampling
3,5.300856416133204,Thompson-Sampling
3,3.9359326568840407,Thompson-Sampling
3,4.0955564335408345,Thompson-Sampling
3,4.758847890534998,Thompson-Sampling
3,4.55879551832109,Thompson-Sampling
3,4.036656958052158,Thompson-Sampling
3,5.009018504549891,Thompson-Sampling
3,4.686179743055395,Thompson-Sampling
3,3.0395827712840418,Thompson-Sampling
3,4.574455230371024,Thompson-Sampling
3,3.9369756985489697,Thompson-Sampling
3,3.7258759828686494,Thompson-Sampling
3,4.569438708089125,Thompson-Sampling
3,2.87870468058952,Thompson-Sampling
3,3.216124592647781,Thompson-Sampling
3,2.9653631325013468,Thompson-Sampling
3,4.961560307644907,Thompson-Sampling
3,4.267728041467793,Thompson-Sampling
3,3.4383988248364568,Thompson-Sampling
3,3.8893685272435174,Thompson-Sampling
3,5.285536428115475,Thompson-Sampling
3,4.466965888548557,Thompson-Sampling
3,4.979310481079014,Thompson-Sampling
3,6.035426601863109,Thompson-Sampling
3,2.363988439572454,Thompson-Sampling
3,4.668088255910373,Thompson-Sampling
3,3.7645917226377534,Thompson-Sampling
3,3.2915784295506985,Thompson-Sampling
3,4.321908305258285,Thompson-Sampling
3,4.397685830970352,Thompson-Sampling
3,4.017395326169769,Thompson-Sampling
3,3.5912759018475184,Thompson-Sampling
3,3.3942067089395644,Thompson-Sampling
3,5.158269397529924,Thompson-Sampling
3,3.8727663219631183,Thompson-Sampling
3,4.161351885522608,Thompson-Sampling
3,2.420432100714893,Thompson-Sampling
3,3.6205030674074004,Thompson-Sampling
3,3.9821266616270985,Thompson-Sampling
3,3.869703642151933,Thompson-Sampling
3,4.705270741367887,Thompson-Sampling
3,4.1035567803997255,Thompson-Sampling
3,4.685498093736552,Thompson-Sampling
3,4.058530425618873,Thompson-Sampling
3,5.19033651999791,Thompson-Sampling
3,3.8395721694028713,Thompson-Sampling
3,4.001571420802617,Thompson-Sampling
3,3.4369400262757406,Thompson-Sampling
3,4.308819750533391,Thompson-Sampling
3,3.8191679181403253,Thompson-Sampling
3,3.06855640788255,Thompson-Sampling
3,2.331577453625491,Thompson-Sampling
3,3.6650320228223365,Thompson-Sampling
3,5.848564108598941,Thompson-Sampling
3,3.7251363265030553,Thompson-Sampling
3,3.910545395082192,Thompson-Sampling
3,4.682269921413021,Thompson-Sampling
3,4.741800818594993,Thompson-Sampling
3,4.262114317791114,Thompson-Sampling
3,3.4517545530649048,Thompson-Sampling
3,4.95266955404691,Thompson-Sampling
3,3.542991722408341,Thompson-Sampling
3,4.908229320766763,Thompson-Sampling
3,4.410777120735551,Thompson-Sampling
3,2.4657071750954263,Thompson-Sampling
3,3.793767885913322,Thompson-Sampling
3,3.6676865654310955,Thompson-Sampling
3,4.772717793346166,Thompson-Sampling
3,1.8904029054331617,Thompson-Sampling
3,4.39936460001446,Thompson-Sampling
3,4.058711033646414,Thompson-Sampling
3,2.487279399506135,Thompson-Sampling
3,4.066781429762981,Thompson-Sampling
3,4.074178460301805,Thompson-Sampling
3,3.821597379999358,Thompson-Sampling
3,4.559432894857231,Thompson-Sampling
3,1.6255467219584059,Thompson-Sampling
3,2.021351142740417,Thompson-Sampling
3,3.1395512900394125,Thompson-Sampling
3,3.932087993588334,Thompson-Sampling
3,4.030749193993106,Thompson-Sampling
3,3.531674721539629,Thompson-Sampling
3,3.6270109128168784,Thompson-Sampling
3,3.447262226138026,Thompson-Sampling
3,4.39311660607377,Thompson-Sampling
3,3.8488660288178536,Thompson-Sampling
3,3.3306139480063663,Thompson-Sampling
3,4.9362296004351975,Thompson-Sampling
3,3.94290959781132,Thompson-Sampling
3,1.7308460150411924,Thompson-Sampling
3,3.593781411185213,Thompson-Sampling
3,3.0223562455879014,Thompson-Sampling
3,2.2154362922312867,Thompson-Sampling
3,5.33942365512585,Thompson-Sampling
3,3.6396536787102334,Thompson-Sampling
3,3.4263386614768017,Thompson-Sampling
3,4.393904023829453,Thompson-Sampling
3,1.9518765476675761,Thompson-Sampling
3,2.2356058409193955,Thompson-Sampling
3,2.1235539900047673,Thompson-Sampling
3,3.3051337592816976,Thompson-Sampling
3,3.7190331357849558,Thompson-Sampling
3,6.200346348772712,Thompson-Sampling
3,3.86601556972142,Thompson-Sampling
3,2.631928838553873,Thompson-Sampling
3,2.8683145324640087,Thompson-Sampling
3,4.811577707831873,Thompson-Sampling
3,4.534986323108379,Thompson-Sampling
3,3.339851282736643,Thompson-Sampling
3,4.227468850292168,Thompson-Sampling
3,4.58936752986275,Thompson-Sampling
3,4.079812400637103,Thompson-Sampling
3,2.8697171142384454,Thompson-Sampling
3,3.668527609062234,Thompson-Sampling
3,3.362102470364004,Thompson-Sampling
3,4.126228293984335,Thompson-Sampling
3,2.256002367887739,Thompson-Sampling
3,4.194429672212081,Thompson-Sampling
3,4.722120723933661,Thompson-Sampling
3,4.422107030880175,Thompson-Sampling
3,3.8840671919476417,Thompson-Sampling
3,6.225440102743404,Thompson-Sampling
3,2.4975283980270673,Thompson-Sampling
3,4.854264352981776,Thompson-Sampling
3,3.0557207235756145,Thompson-Sampling
3,3.162157241009834,Thompson-Sampling
3,3.7968653053880086,Thompson-Sampling
3,3.3380527988638735,Thompson-Sampling
3,3.8198489412562995,Thompson-Sampling
3,3.5486242377872936,Thompson-Sampling
3,5.296661315015157,Thompson-Sampling
3,3.658740581874432,Thompson-Sampling
3,4.116969587677846,Thompson-Sampling
3,2.5709792057731087,Thompson-Sampling
3,3.144348582483617,Thompson-Sampling
3,3.959703427429577,Thompson-Sampling
3,1.581567621848794,Thompson-Sampling
3,3.9426720076333788,Thompson-Sampling
3,3.1841279508255633,Thompson-Sampling
3,4.797294627663643,Thompson-Sampling
3,3.5999260390455654,Thompson-Sampling
3,2.7172854618470534,Thompson-Sampling
3,3.2269108559261466,Thompson-Sampling
3,2.8660022962661333,Thompson-Sampling
3,3.449089890306584,Thompson-Sampling
3,3.740830351531844,Thompson-Sampling
3,3.898731508009239,Thompson-Sampling
3,3.241118143478027,Thompson-Sampling
3,4.2068647183795465,Thompson-Sampling
3,2.516035007806857,Thompson-Sampling
3,2.8494035955448074,Thompson-Sampling
3,4.275406899498117,Thompson-Sampling
3,2.3089211767472206,Thompson-Sampling
3,2.8580631696955745,Thompson-Sampling
3,5.512379158875362,Thompson-Sampling
3,5.739176043544933,Thompson-Sampling
3,7.091849648352854,Thompson-Sampling
3,5.428104589047953,Thompson-Sampling
3,3.630984806465438,Thompson-Sampling
3,4.277366271919923,Thompson-Sampling
3,5.176074604426216,Thompson-Sampling
3,4.691056841427363,Thompson-Sampling
3,3.9693645255097096,Thompson-Sampling
3,3.029445378088393,Thompson-Sampling
3,2.847917530960178,Thompson-Sampling
3,4.54874945986702,Thompson-Sampling
3,5.54122057571687,Thompson-Sampling
3,4.089733606106764,Thompson-Sampling
3,3.523943515377877,Thompson-Sampling
3,4.001649338639418,Thompson-Sampling
3,4.340526338014943,Thompson-Sampling
3,5.651816118127549,Thompson-Sampling
3,3.9365702424608804,Thompson-Sampling
3,5.053801030343644,Thompson-Sampling
3,4.767415926402126,Thompson-Sampling
3,6.320819782996578,Thompson-Sampling
3,3.5128576135876566,Thompson-Sampling
3,4.344323734794646,Thompson-Sampling
3,2.4991765253458116,Thompson-Sampling
3,4.243314412584216,Thompson-Sampling
3,6.143555106276445,Thompson-Sampling
3,4.057956564375863,Thompson-Sampling
3,4.782669764586915,Thompson-Sampling
3,3.8602607416631254,Thompson-Sampling
3,4.554540274353836,Thompson-Sampling
3,3.5761937705660483,Thompson-Sampling
3,4.226059948930593,Thompson-Sampling
3,4.122522872335612,Thompson-Sampling
3,4.857415371429552,Thompson-Sampling
3,3.750753969837135,Thompson-Sampling
3,4.57477230675621,Thompson-Sampling
3,4.6301192559672835,Thompson-Sampling
3,3.2675753620322032,Thompson-Sampling
3,5.333394363757028,Thompson-Sampling
3,2.423563344744793,Thompson-Sampling
3,4.137220071794728,Thompson-Sampling
3,3.6268075856749515,Thompson-Sampling
3,3.7266507888520732,Thompson-Sampling
3,3.245685029560935,Thompson-Sampling
3,2.496179565593828,Thompson-Sampling
3,1.916866696258405,Thompson-Sampling
3,5.532717835033785,Thompson-Sampling
3,4.974895983293052,Thompson-Sampling
3,5.000516111218454,Thompson-Sampling
3,4.423506232167898,Thompson-Sampling
3,3.9621283086017027,Thompson-Sampling
3,3.3735737340680974,Thompson-Sampling
3,3.8160936690925067,Thompson-Sampling
3,5.245567441357192,Thompson-Sampling
3,2.936800281499444,Thompson-Sampling
3,4.129068840321408,Thompson-Sampling
3,0.4156412638721694,Thompson-Sampling
3,5.139374224085051,Thompson-Sampling
3,2.978563409460864,Thompson-Sampling
3,5.487632773687119,Thompson-Sampling
3,5.375706826108573,Thompson-Sampling
3,4.1310607589656945,Thompson-Sampling
3,5.273295957984106,Thompson-Sampling
3,4.894333441672074,Thompson-Sampling
3,3.8137950157702933,Thompson-Sampling
3,3.9273321806046555,Thompson-Sampling
3,4.462465489863709,Thompson-Sampling
3,4.352997643465924,Thompson-Sampling
3,6.148327278095778,Thompson-Sampling
3,3.4830504142098566,Thompson-Sampling
3,3.7901124874548957,Thompson-Sampling
3,3.3720832831292498,Thompson-Sampling
3,4.423533250337282,Thompson-Sampling
3,2.0633932653973677,Thompson-Sampling
3,5.634893627686266,Thompson-Sampling
3,3.861973117643555,Thompson-Sampling
3,3.3169892486860744,Thompson-Sampling
3,3.686603109633626,Thompson-Sampling
3,5.079331447591038,Thompson-Sampling
3,5.680892371684646,Thompson-Sampling
3,4.816005935676383,Thompson-Sampling
3,4.313717047165618,Thompson-Sampling
3,5.216554470857698,Thompson-Sampling
3,3.3305638394041397,Thompson-Sampling
3,5.6767445555407265,Thompson-Sampling
3,4.217925199474573,Thompson-Sampling
3,4.963002076788244,Thompson-Sampling
3,3.88338719571292,Thompson-Sampling
3,3.0675526500906662,Thompson-Sampling
3,3.2440928519158456,Thompson-Sampling
3,4.717884029312525,Thompson-Sampling
3,5.173643262669651,Thompson-Sampling
3,4.528983214568558,Thompson-Sampling
3,4.43276417948395,Thompson-Sampling
3,2.9687946736072024,Thompson-Sampling
3,4.281447035040135,Thompson-Sampling
3,2.571985065565705,Thompson-Sampling
3,3.6734665502748687,Thompson-Sampling
3,4.843307501575985,Thompson-Sampling
3,3.8463639534199796,Thompson-Sampling
3,4.721374497204739,Thompson-Sampling
3,5.729892480630333,Thompson-Sampling
3,3.0614598910377,Thompson-Sampling
3,3.3937214230712387,Thompson-Sampling
3,3.143928876599034,Thompson-Sampling
3,4.462252991514501,Thompson-Sampling
3,3.71086784364111,Thompson-Sampling
3,3.420109599167727,Thompson-Sampling
3,4.2407665020788885,Thompson-Sampling
3,2.6783480820176853,Thompson-Sampling
3,3.455114423232208,Thompson-Sampling
3,4.583752663653838,Thompson-Sampling
3,4.646759493423904,Thompson-Sampling
3,4.509808513032739,Thompson-Sampling
3,3.2445776697839506,Thompson-Sampling
3,4.714561381894853,Thompson-Sampling
3,4.284331437786292,Thompson-Sampling
3,4.43100832235781,Thompson-Sampling
3,2.311969722150688,Thompson-Sampling
3,4.5834598717527895,Thompson-Sampling
3,4.202720846826255,Thompson-Sampling
3,3.098467197290979,Thompson-Sampling
3,3.2929275554351896,Thompson-Sampling
3,4.00097619348437,Thompson-Sampling
3,4.708755579133445,Thompson-Sampling
3,5.423378562551334,Thompson-Sampling
3,2.3131712750668774,Thompson-Sampling
3,4.820418237687027,Thompson-Sampling
3,2.841493041290339,Thompson-Sampling
3,3.6383244228702307,Thompson-Sampling
3,4.642928612933056,Thompson-Sampling
3,6.158134312533939,Thompson-Sampling
3,5.372576695215782,Thompson-Sampling
3,5.074109493116163,Thompson-Sampling
3,3.815907057772572,Thompson-Sampling
3,4.000595850878794,Thompson-Sampling
3,1.8226454447130807,Thompson-Sampling
3,4.757840408188231,Thompson-Sampling
3,4.667497235805094,Thompson-Sampling
3,3.692115376600373,Thompson-Sampling
3,2.2846514214347855,Thompson-Sampling
3,2.5657222702074227,Thompson-Sampling
3,4.423026410303686,Thompson-Sampling
3,4.411343660967332,Thompson-Sampling
3,4.810749035866691,Thompson-Sampling
3,3.0285399666171697,Thompson-Sampling
3,4.416627195522957,Thompson-Sampling
3,3.9916127602140743,Thompson-Sampling
3,2.4845849998031775,Thompson-Sampling
3,3.468702485698773,Thompson-Sampling
3,4.336226445003733,Thompson-Sampling
3,2.97129938683618,Thompson-Sampling
3,3.2961598136277983,Thompson-Sampling
3,3.6330389195810833,Thompson-Sampling
3,4.624661609264733,Thompson-Sampling
3,3.3692215622438932,Thompson-Sampling
3,3.3760127487517817,Thompson-Sampling
3,3.663501611960738,Thompson-Sampling
3,6.5104798015134735,Thompson-Sampling
3,4.454478344173267,Thompson-Sampling
3,3.995565103040718,Thompson-Sampling
3,3.9445145217786695,Thompson-Sampling
3,5.085419823806506,Thompson-Sampling
3,3.3279951653693995,Thompson-Sampling
3,4.726619053022007,Thompson-Sampling
3,3.9887144281822104,Thompson-Sampling
3,3.3648852356312746,Thompson-Sampling
3,3.6590271066330446,Thompson-Sampling
3,3.51915579195244,Thompson-Sampling
3,1.771889773668029,Thompson-Sampling
3,3.0408819640472107,Thompson-Sampling
3,3.7157738985342164,Thompson-Sampling
3,2.7475669130292104,Thompson-Sampling
3,3.9628985211791488,Thompson-Sampling
3,2.2390418525871754,Thompson-Sampling
3,3.7664312838541054,Thompson-Sampling
3,4.782542254473048,Thompson-Sampling
3,4.196191857317644,Thompson-Sampling
3,5.466755106958164,Thompson-Sampling
3,2.7063013995526264,Thompson-Sampling
3,4.167545124293451,Thompson-Sampling
3,4.108539835907595,Thompson-Sampling
3,3.8568186192663148,Thompson-Sampling
3,3.7722560413478248,Thompson-Sampling
3,2.4570317341392314,Thompson-Sampling
3,4.328561900156534,Thompson-Sampling
3,4.325859421249342,Thompson-Sampling
3,4.8118449541594845,Thompson-Sampling
3,3.101008660831418,Thompson-Sampling
3,4.03699813964196,Thompson-Sampling
3,4.518613889944967,Thompson-Sampling
3,3.502571219294554,Thompson-Sampling
3,4.027954877443764,Thompson-Sampling
3,4.3173965180005425,Thompson-Sampling
3,2.44535646346751,Thompson-Sampling
3,5.1250057867833725,Thompson-Sampling
3,4.740279630893401,Thompson-Sampling
3,2.9618917945292846,Thompson-Sampling
3,2.491256195863601,Thompson-Sampling
3,5.058707336123,Thompson-Sampling
3,5.888414017189564,Thompson-Sampling
3,4.729800374272074,Thompson-Sampling
3,3.3247364384093827,Thompson-Sampling
3,3.8762110622329846,Thompson-Sampling
3,5.336963740404331,Thompson-Sampling
3,3.1435166201297924,Thompson-Sampling
3,4.150002283159244,Thompson-Sampling
3,3.7148306282507453,Thompson-Sampling
3,3.878934001623482,Thompson-Sampling
3,5.194725049315538,Thompson-Sampling
3,2.5887461231424433,Thompson-Sampling
3,4.284969618009798,Thompson-Sampling
3,5.936057184542242,Thompson-Sampling
3,4.9507386925364685,Thompson-Sampling
3,6.729417036128611,Thompson-Sampling
3,5.322412542497476,Thompson-Sampling
3,2.8124064715115193,Thompson-Sampling
3,4.312292577849889,Thompson-Sampling
3,4.336454789622236,Thompson-Sampling
3,4.284606121813941,Thompson-Sampling
3,3.597869870935004,Thompson-Sampling
3,4.303934903152202,Thompson-Sampling
3,3.9268248125691136,Thompson-Sampling
3,5.241350011205986,Thompson-Sampling
3,4.772889099461077,Thompson-Sampling
3,4.3383272176111936,Thompson-Sampling
3,4.2982897395959245,Thompson-Sampling
3,4.432209626179123,Thompson-Sampling
3,3.6151259993376548,Thompson-Sampling
3,5.5378472088549655,Thompson-Sampling
3,4.046197811277363,Thompson-Sampling
3,3.8850284268140682,Thompson-Sampling
3,4.695528491498066,Thompson-Sampling
3,3.4876715193445857,Thompson-Sampling
3,2.212453504201554,Thompson-Sampling
3,4.697496170842068,Thompson-Sampling
3,4.6339584390883495,Thompson-Sampling
3,3.5545910533677905,Thompson-Sampling
3,3.259772867300033,Thompson-Sampling
3,4.181195365761408,Thompson-Sampling
3,5.552522089041316,Thompson-Sampling
3,4.634709848998378,Thompson-Sampling
3,2.6918599535023686,Thompson-Sampling
3,2.9664267146614502,Thompson-Sampling
3,5.271715536166247,Thompson-Sampling
3,2.885436508118441,Thompson-Sampling
3,3.9966678407549225,Thompson-Sampling
3,3.7849883195469305,Thompson-Sampling
3,4.784002546511489,Thompson-Sampling
3,3.875803203906524,Thompson-Sampling
3,2.8089366504745144,Thompson-Sampling
3,2.80276536428031,Thompson-Sampling
3,3.843815322885016,Thompson-Sampling
3,4.891375673616672,Thompson-Sampling
3,3.5840469135703192,Thompson-Sampling
3,5.077815464637541,Thompson-Sampling
3,4.244366801399485,Thompson-Sampling
3,3.579289372663964,Thompson-Sampling
3,3.992366475066305,Thompson-Sampling
3,4.430123029705989,Thompson-Sampling
3,2.8615433070274756,Thompson-Sampling
3,5.642691147675575,Thompson-Sampling
3,4.912533310557581,Thompson-Sampling
3,2.842352328534825,Thompson-Sampling
3,3.7372676041817208,Thompson-Sampling
3,3.1780740272840964,Thompson-Sampling
3,4.727812056653155,Thompson-Sampling
3,2.576602361455783,Thompson-Sampling
3,3.23201658007725,Thompson-Sampling
3,3.322427641868261,Thompson-Sampling
3,5.129444139284405,Thompson-Sampling
3,5.787627016144833,Thompson-Sampling
3,5.792971943466557,Thompson-Sampling
3,4.300199625723957,Thompson-Sampling
3,3.635618722069451,Thompson-Sampling
3,5.089416810089616,Thompson-Sampling
3,2.4473181668211472,Thompson-Sampling
3,3.6287263686815088,Thompson-Sampling
3,2.69837444142854,Thompson-Sampling
3,3.7570313377538835,Thompson-Sampling
3,4.011808326879293,Thompson-Sampling
3,3.41414854121465,Thompson-Sampling
3,4.92192421815754,Thompson-Sampling
3,3.876435349788071,Thompson-Sampling
3,5.0099266395064594,Thompson-Sampling
3,3.7073299327521423,Thompson-Sampling
3,4.328588300594601,Thompson-Sampling
3,4.68180627686078,Thompson-Sampling
3,2.8640804240933755,Thompson-Sampling
3,3.2801526179204696,Thompson-Sampling
3,3.749730885521059,Thompson-Sampling
3,3.7548708076320327,Thompson-Sampling
3,3.7342601361198318,Thompson-Sampling
3,3.723876646927199,Thompson-Sampling
3,4.270138850967832,Thompson-Sampling
3,2.3180600325054437,Thompson-Sampling
3,3.8087214594340875,Thompson-Sampling
3,4.022082482957398,Thompson-Sampling
3,2.712634553952511,Thompson-Sampling
3,4.633591060583151,Thompson-Sampling
3,5.465357220198053,Thompson-Sampling
3,4.907903985748202,Thompson-Sampling
3,4.4191838624618835,Thompson-Sampling
3,5.389859104068768,Thompson-Sampling
3,2.65844601535218,Thompson-Sampling
3,3.317810191131469,Thompson-Sampling
3,5.498672457657492,Thompson-Sampling
3,1.8257004382604305,Thompson-Sampling
3,3.7481018524851284,Thompson-Sampling
3,4.379926036528355,Thompson-Sampling
3,4.171608025051797,Thompson-Sampling
3,2.8335002805707603,Thompson-Sampling
3,4.98201679045115,Thompson-Sampling
3,3.749098850224356,Thompson-Sampling
3,4.5839058650161455,Thompson-Sampling
3,4.180714821051118,Thompson-Sampling
3,4.50134230856964,Thompson-Sampling
3,4.873312580176764,Thompson-Sampling
3,3.6730516677135077,Thompson-Sampling
3,5.459915451119321,Thompson-Sampling
3,4.109810503387502,Thompson-Sampling
3,3.370184856022293,Thompson-Sampling
3,2.6054241839728793,Thompson-Sampling
3,4.434320266595747,Thompson-Sampling
3,4.740550441562006,Thompson-Sampling
3,4.120777236108866,Thompson-Sampling
3,3.745636860161219,Thompson-Sampling
3,3.25120812368696,Thompson-Sampling
3,3.263217338231005,Thompson-Sampling
3,4.4698882338711865,Thompson-Sampling
3,4.170917448975606,Thompson-Sampling
3,4.663992542610734,Thompson-Sampling
3,4.21434176214098,Thompson-Sampling
3,3.8693388449539383,Thompson-Sampling
3,4.574756365769009,Thompson-Sampling
3,6.351252476392331,Thompson-Sampling
3,3.193125840826002,Thompson-Sampling
3,3.6203909879376406,Thompson-Sampling
3,4.8395866252581,Thompson-Sampling
3,4.770332266020153,Thompson-Sampling
3,4.835147993258718,Thompson-Sampling
3,4.338776087182844,Thompson-Sampling
3,4.0580953313523125,Thompson-Sampling
3,3.536450095145582,Thompson-Sampling
3,4.728626117381545,Thompson-Sampling
3,3.5864628613108454,Thompson-Sampling
3,4.560766970452361,Thompson-Sampling
3,3.3459088281003444,Thompson-Sampling
3,3.4609775533423726,Thompson-Sampling
3,4.7243498930666705,Thompson-Sampling
3,1.4317939603368957,Thompson-Sampling
3,5.241313733345548,Thompson-Sampling
3,3.0799078077984383,Thompson-Sampling
3,3.6576367264046312,Thompson-Sampling
3,3.347735710389729,Thompson-Sampling
3,4.505752843344096,Thompson-Sampling
3,2.4614196870248564,Thompson-Sampling
3,3.5272293647088553,Thompson-Sampling
3,4.92058002507626,Thompson-Sampling
3,3.8890963822641704,Thompson-Sampling
3,4.981018110436401,Thompson-Sampling
3,4.813193717652762,Thompson-Sampling
3,4.157673674284091,Thompson-Sampling
3,3.6233512602368076,Thompson-Sampling
3,4.667649502133022,Thompson-Sampling
3,3.0470144999775806,Thompson-Sampling
3,5.343005420321467,Thompson-Sampling
3,2.2101707790272487,Thompson-Sampling
3,2.7820462926247886,Thompson-Sampling
3,5.016778761650274,Thompson-Sampling
3,2.8652909392841055,Thompson-Sampling
3,2.29955996320495,Thompson-Sampling
3,5.113030126691602,Thompson-Sampling
3,4.022843389411559,Thompson-Sampling
3,4.303687631291699,Thompson-Sampling
3,4.2365002519161905,Thompson-Sampling
3,5.689547398143042,Thompson-Sampling
3,4.2009739370430195,Thompson-Sampling
3,3.1336435151602435,Thompson-Sampling
3,3.5390751333372013,Thompson-Sampling
3,3.5351231792316513,Thompson-Sampling
3,1.7039687475709036,Thompson-Sampling
3,2.5376868475494048,Thompson-Sampling
3,5.402543823540905,Thompson-Sampling
3,3.947304978881274,Thompson-Sampling
3,5.008290838778209,Thompson-Sampling
3,4.963426132353448,Thompson-Sampling
3,4.252677950182116,Thompson-Sampling
3,5.245509669199442,Thompson-Sampling
3,2.590405672412995,Thompson-Sampling
3,3.37452618417682,Thompson-Sampling
3,3.1902561090580877,Thompson-Sampling
3,2.4891882855802474,Thompson-Sampling
3,2.555160192116311,Thompson-Sampling
3,2.816313033177522,Thompson-Sampling
3,4.827362962553549,Thompson-Sampling
3,3.3390900372065686,Thompson-Sampling
3,3.5556872203859244,Thompson-Sampling
3,3.645055957583745,Thompson-Sampling
3,4.616801298778637,Thompson-Sampling
3,4.390466388297533,Thompson-Sampling
3,5.359507432551313,Thompson-Sampling
3,3.0423290041581854,Thompson-Sampling
3,3.9330180439457356,Thompson-Sampling
3,2.0269501364005924,Thompson-Sampling
3,4.458756833727937,Thompson-Sampling
3,3.189342215280428,Thompson-Sampling
3,1.7944512969563253,Thompson-Sampling
3,3.582111639438121,Thompson-Sampling
3,3.537256519940987,Thompson-Sampling
3,5.445616871755737,Thompson-Sampling
3,1.8981988773680265,Thompson-Sampling
3,5.255756226108023,Thompson-Sampling
3,4.668000419953069,Thompson-Sampling
3,3.0768815936182015,Thompson-Sampling
3,3.694363499440608,Thompson-Sampling
3,3.950958098123989,Thompson-Sampling
3,3.69697626161597,Thompson-Sampling
3,4.780666133307953,Thompson-Sampling
3,3.924697119407369,Thompson-Sampling
3,2.5366087191248736,Thompson-Sampling
3,3.4803737090726874,Thompson-Sampling
3,3.884567180896648,Thompson-Sampling
3,4.164634781777717,Thompson-Sampling
3,1.9211345164769305,Thompson-Sampling
3,2.800496918909018,Thompson-Sampling
3,3.897729749451627,Thompson-Sampling
3,4.748356963512574,Thompson-Sampling
3,3.0092351510351367,Thompson-Sampling
3,4.483475031335289,Thompson-Sampling
3,4.49092004390613,Thompson-Sampling
3,4.287972950052726,Thompson-Sampling
3,4.029975768923752,Thompson-Sampling
3,3.4328362973092834,Thompson-Sampling
3,4.767267238878431,Thompson-Sampling
3,2.5641204541310976,Thompson-Sampling
3,4.950691064678025,Thompson-Sampling
3,5.865025611813153,Thompson-Sampling
3,3.808979102566753,Thompson-Sampling
3,3.1353140555763326,Thompson-Sampling
3,2.022452287740002,Thompson-Sampling
3,4.529435096896468,Thompson-Sampling
3,4.831779400063837,Thompson-Sampling
3,3.230505616791235,Thompson-Sampling
3,6.753999533030493,Thompson-Sampling
3,3.065407758048356,Thompson-Sampling
3,3.0571337558956513,Thompson-Sampling
3,4.950315151154903,Thompson-Sampling
3,3.604466701167581,Thompson-Sampling
3,3.3994884090770396,Thompson-Sampling
3,3.416590503546724,Thompson-Sampling
3,3.929011072327247,Thompson-Sampling
3,4.445877746608195,Thompson-Sampling
3,3.6963269907477043,Thompson-Sampling
3,2.670812399986519,Thompson-Sampling
3,5.637532644997679,Thompson-Sampling
3,5.090596176502872,Thompson-Sampling
3,5.257491323311898,Thompson-Sampling
3,3.786997040283685,Thompson-Sampling
3,3.212042166435899,Thompson-Sampling
3,4.990656857400386,Thompson-Sampling
3,4.0808468237982325,Thompson-Sampling
3,2.234242759709127,Thompson-Sampling
3,5.673457219077872,Thompson-Sampling
3,2.6148407575556507,Thompson-Sampling
3,3.9483947660089593,Thompson-Sampling
3,1.300211822293972,Thompson-Sampling
3,3.13107014777583,Thompson-Sampling
3,4.169470755130734,Thompson-Sampling
3,4.080405942253731,Thompson-Sampling
3,3.5813339783752176,Thompson-Sampling
3,4.31240034721237,Thompson-Sampling
3,5.30398115645331,Thompson-Sampling
3,3.296890022008942,Thompson-Sampling
3,4.687359344932194,Thompson-Sampling
3,6.224933240819766,Thompson-Sampling
3,3.6754782441101614,Thompson-Sampling
3,4.059890596093441,Thompson-Sampling
3,5.197512346196033,Thompson-Sampling
3,4.220824235994515,Thompson-Sampling
3,4.135108194697725,Thompson-Sampling
3,5.430744608738133,Thompson-Sampling
3,4.810031895009423,Thompson-Sampling
3,4.789391855546226,Thompson-Sampling
3,5.105819490471272,Thompson-Sampling
3,4.557299873396902,Thompson-Sampling
3,3.892517991563653,Thompson-Sampling
3,3.3653547648627318,Thompson-Sampling
3,4.531420106242543,Thompson-Sampling
3,4.361199274161997,Thompson-Sampling
3,4.507266208550347,Thompson-Sampling
3,4.587201570717452,Thompson-Sampling
3,5.619183509042098,Thompson-Sampling
3,4.365502919176115,Thompson-Sampling
3,4.242550142477719,Thompson-Sampling
3,5.160314094598614,Thompson-Sampling
3,3.7750744488173265,Thompson-Sampling
3,4.73949950227149,Thompson-Sampling
3,6.236948129808133,Thompson-Sampling
3,1.809878042796616,Thompson-Sampling
3,4.8723227390026755,Thompson-Sampling
3,3.466910242426768,Thompson-Sampling
3,5.504301542994057,Thompson-Sampling
3,3.5203750910733005,Thompson-Sampling
3,4.525948192719758,Thompson-Sampling
3,3.4874486800631845,Thompson-Sampling
3,6.064650589782879,Thompson-Sampling
3,5.573801109053283,Thompson-Sampling
3,3.587091044420667,Thompson-Sampling
3,4.134343008374408,Thompson-Sampling
3,3.8513465488368612,Thompson-Sampling
3,4.148387040142037,Thompson-Sampling
3,3.385546441379788,Thompson-Sampling
3,4.405530549762938,Thompson-Sampling
3,4.1255052288102725,Thompson-Sampling
3,4.159189300646843,Thompson-Sampling
3,4.326737359308425,Thompson-Sampling
3,2.5553776854363655,Thompson-Sampling
3,4.930924311071319,Thompson-Sampling
3,6.166286591588129,Thompson-Sampling
3,5.317490270262151,Thompson-Sampling
3,4.295494036139333,Thompson-Sampling
3,3.2717373338196762,Thompson-Sampling
3,4.99249498048839,Thompson-Sampling
3,5.112359937114725,Thompson-Sampling
3,2.9913282422624143,Thompson-Sampling
3,4.886055554463981,Thompson-Sampling
3,5.04258233458659,Thompson-Sampling
3,2.2513006910099014,Thompson-Sampling
3,2.5398328260716445,Thompson-Sampling
3,4.406035613882967,Thompson-Sampling
3,2.3928555026088185,Thompson-Sampling
3,2.768324076829999,Thompson-Sampling
3,3.742577982501398,Thompson-Sampling
3,4.482496920200399,Thompson-Sampling
3,3.249960489709088,Thompson-Sampling
3,4.172413010299914,Thompson-Sampling
3,3.9977164547997366,Thompson-Sampling
3,4.006651532034081,Thompson-Sampling
3,4.4878990134446575,Thompson-Sampling
3,3.968943484153088,Thompson-Sampling
3,4.915924045324489,Thompson-Sampling
3,3.9567868154178987,Thompson-Sampling
3,2.922104228623966,Thompson-Sampling
3,3.32561760985757,Thompson-Sampling
3,5.529826535435949,Thompson-Sampling
3,4.572610339596587,Thompson-Sampling
3,2.416915927856536,Thompson-Sampling
3,4.838836198601603,Thompson-Sampling
3,4.121322428095826,Thompson-Sampling
3,5.270508343284122,Thompson-Sampling
3,5.278990698676218,Thompson-Sampling
3,4.310698823840058,Thompson-Sampling
3,5.016349550722893,Thompson-Sampling
3,5.487949441682131,Thompson-Sampling
3,2.608679853972693,Thompson-Sampling
3,3.3348924559193307,Thompson-Sampling
3,5.273585760501568,Thompson-Sampling
3,3.3648875487733374,Thompson-Sampling
3,3.4306097925445878,Thompson-Sampling
3,4.20831972875422,Thompson-Sampling
3,3.636012317517054,Thompson-Sampling
3,3.4241117317414984,Thompson-Sampling
3,3.322688304607898,Thompson-Sampling
3,4.577885574847816,Thompson-Sampling
3,4.305567061653295,Thompson-Sampling
3,3.773590228970182,Thompson-Sampling
3,3.660487373430615,Thompson-Sampling
3,4.6416686772189095,Thompson-Sampling
3,3.682196998313147,Thompson-Sampling
3,2.9924605281847976,Thompson-Sampling
3,4.75117492283803,Thompson-Sampling
3,2.5883040463848017,Thompson-Sampling
3,4.133600846596971,Thompson-Sampling
3,5.334361977803921,Thompson-Sampling
3,2.3971172152920817,Thompson-Sampling
3,4.767416606887964,Thompson-Sampling
3,4.947278349754792,Thompson-Sampling
3,3.594771954175747,Thompson-Sampling
3,3.94207507485342,Thompson-Sampling
3,3.8158184010142016,Thompson-Sampling
3,4.066377469540236,Thompson-Sampling
3,5.432954948934819,Thompson-Sampling
3,3.2737602789911535,Thompson-Sampling
3,3.9416555254955115,Thompson-Sampling
3,4.076494717257767,Thompson-Sampling
3,3.9695941056514115,Thompson-Sampling
3,4.424628200792031,Thompson-Sampling
3,4.842502322805419,Thompson-Sampling
3,4.665292137669143,Thompson-Sampling
3,4.252838775235274,Thompson-Sampling
3,3.959887506258706,Thompson-Sampling
3,3.5352371424990285,Thompson-Sampling
3,5.905208538319105,Thompson-Sampling
3,3.7601789003528348,Thompson-Sampling
3,4.021837866134575,Thompson-Sampling
3,2.2544662907999027,Thompson-Sampling
3,4.130506203720812,Thompson-Sampling
3,3.9664723871770113,Thompson-Sampling
3,3.0241935105627262,Thompson-Sampling
3,3.748922106861541,Thompson-Sampling
3,3.9377669281024423,Thompson-Sampling
3,5.362700139536361,Thompson-Sampling
3,4.368703115823184,Thompson-Sampling
3,4.560952613116762,Thompson-Sampling
3,5.609837618343985,Thompson-Sampling
3,4.151870922652436,Thompson-Sampling
3,3.696138929539522,Thompson-Sampling
3,4.907285870497869,Thompson-Sampling
3,4.023065438506388,Thompson-Sampling
3,2.937725819591267,Thompson-Sampling
3,4.5816089998804035,Thompson-Sampling
3,3.865026580746161,Thompson-Sampling
3,3.62485400819596,Thompson-Sampling
3,3.260115782820286,Thompson-Sampling
3,2.639408114833805,Thompson-Sampling
3,3.0366945354039756,Thompson-Sampling
3,5.346038688748265,Thompson-Sampling
3,5.117125678428129,Thompson-Sampling
3,3.548680275605429,Thompson-Sampling
3,5.149727565919303,Thompson-Sampling
3,5.365828020590174,Thompson-Sampling
3,3.4280675471653197,Thompson-Sampling
3,4.364383927808227,Thompson-Sampling
3,2.9516434980878614,Thompson-Sampling
3,3.8757764000275445,Thompson-Sampling
3,3.0417674386834173,Thompson-Sampling
3,2.511287761171177,Thompson-Sampling
3,6.628483869875439,Thompson-Sampling
3,4.444961805508333,Thompson-Sampling
3,4.3834653492806455,Thompson-Sampling
3,3.7382983625004425,Thompson-Sampling
3,2.638764775525249,Thompson-Sampling
3,5.648791090528945,Thompson-Sampling
3,4.415871567445885,Thompson-Sampling
3,2.334863015306823,Thompson-Sampling
3,3.0960373412775493,Thompson-Sampling
3,3.8491127328371064,Thompson-Sampling
3,1.5586841610651687,Thompson-Sampling
3,4.688610004939436,Thompson-Sampling
3,3.3453414575377884,Thompson-Sampling
3,3.5950749973948226,Thompson-Sampling
3,4.75464506452903,Thompson-Sampling
3,3.4445533525393177,Thompson-Sampling
3,4.900231953926466,Thompson-Sampling
3,4.853702093767087,Thompson-Sampling
3,4.668846261924963,Thompson-Sampling
3,4.459875475389427,Thompson-Sampling
3,4.3822913878342895,Thompson-Sampling
3,5.658501045444921,Thompson-Sampling
3,2.1802267131713746,Thompson-Sampling
3,5.423536850864694,Thompson-Sampling
3,3.657130797957978,Thompson-Sampling
3,1.6928563835208612,Thompson-Sampling
3,4.234109849451554,Thompson-Sampling
3,3.4286314322478737,Thompson-Sampling
3,4.716408056915229,Thompson-Sampling
3,4.493915424766089,Thompson-Sampling
3,3.740842415755214,Thompson-Sampling
3,3.8484239405096545,Thompson-Sampling
3,5.062567709459821,Thompson-Sampling
3,4.1026727607146185,Thompson-Sampling
3,5.422472752061765,Thompson-Sampling
3,2.5875780053163435,Thompson-Sampling
3,3.9013306447436276,Thompson-Sampling
3,3.140228171435471,Thompson-Sampling
3,3.8313175511655326,Thompson-Sampling
3,5.309660819308211,Thompson-Sampling
3,2.659351179403289,Thompson-Sampling
3,3.5243100812589496,Thompson-Sampling
3,4.2151147309052215,Thompson-Sampling
3,3.4714880015021192,Thompson-Sampling
3,1.8919890658420195,Thompson-Sampling
3,4.086474887487344,Thompson-Sampling
3,4.048183639357611,Thompson-Sampling
3,3.6748480815789826,Thompson-Sampling
3,2.5084349937171924,Thompson-Sampling
3,4.0449253950671205,Thompson-Sampling
3,3.8444305499844167,Thompson-Sampling
3,1.9416287904438212,Thompson-Sampling
3,2.439933784240309,Thompson-Sampling
3,4.934805024592025,Thompson-Sampling
3,3.731396509094005,Thompson-Sampling
3,3.5809540276163276,Thompson-Sampling
3,4.290490992253453,Thompson-Sampling
3,3.6613888298190553,Thompson-Sampling
3,3.9043163277554753,Thompson-Sampling
3,4.62122399389246,Thompson-Sampling
3,4.874432270581875,Thompson-Sampling
3,4.878206125193521,Thompson-Sampling
3,3.979201010549573,Thompson-Sampling
3,3.5818712964451738,Thompson-Sampling
3,3.6748557875681644,Thompson-Sampling
3,3.491090396370575,Thompson-Sampling
3,3.732528797806016,Thompson-Sampling
3,4.518505440696778,Thompson-Sampling
3,5.119146695998148,Thompson-Sampling
3,2.86523167179108,Thompson-Sampling
3,2.2038874050308106,Thompson-Sampling
3,4.842450492945331,Thompson-Sampling
3,4.39149107099338,Thompson-Sampling
3,3.7465039013676837,Thompson-Sampling
3,3.3184563765951163,Thompson-Sampling
3,5.000674204894995,Thompson-Sampling
3,2.8581192583292587,Thompson-Sampling
3,2.128957466736673,Thompson-Sampling
3,4.3467552430045995,Thompson-Sampling
3,3.8708016622888093,Thompson-Sampling
3,5.393923976188919,Thompson-Sampling
3,3.7967371270428116,Thompson-Sampling
3,4.117755105125142,Thompson-Sampling
3,2.213859240124289,Thompson-Sampling
3,3.6562822799592776,Thompson-Sampling
3,3.188982409418916,Thompson-Sampling
3,2.9109192023033437,Thompson-Sampling
3,6.55778884192182,Thompson-Sampling
3,2.315811730476888,Thompson-Sampling
3,4.122201101684063,Thompson-Sampling
3,4.298247667626053,Thompson-Sampling
3,3.9614713533140766,Thompson-Sampling
3,4.0167847879478495,Thompson-Sampling
3,3.57234728199446,Thompson-Sampling
3,4.404379000128219,Thompson-Sampling
3,5.260969961476204,Thompson-Sampling
3,3.0095157074714436,Thompson-Sampling
3,3.4085342333028734,Thompson-Sampling
3,3.828709455641302,Thompson-Sampling
3,2.3405520438921155,Thompson-Sampling
3,3.430143550986359,Thompson-Sampling
3,3.335505924830319,Thompson-Sampling
3,4.577049413955521,Thompson-Sampling
3,4.2317752576045295,Thompson-Sampling
3,2.907828939860688,Thompson-Sampling
3,4.702066244359342,Thompson-Sampling
3,5.517112112238677,Thompson-Sampling
3,1.1868006996384741,Thompson-Sampling
3,3.5576004442143097,Thompson-Sampling
3,3.41281080857215,Thompson-Sampling
3,3.385849252119666,Thompson-Sampling
3,3.970050295060267,Thompson-Sampling
3,3.133961892487285,Thompson-Sampling
3,4.594532108263369,Thompson-Sampling
3,4.549810362073215,Thompson-Sampling
3,2.8755181445345492,Thompson-Sampling
3,3.3065065693232727,Thompson-Sampling
3,4.741811407561547,Thompson-Sampling
3,3.540647464857973,Thompson-Sampling
3,5.230028622678619,Thompson-Sampling
3,2.908160722072979,Thompson-Sampling
3,2.9950251640306758,Thompson-Sampling
3,3.940726315786843,Thompson-Sampling
3,3.6819597111605487,Thompson-Sampling
3,2.904377778659625,Thompson-Sampling
3,3.367518007169284,Thompson-Sampling
3,4.46115873001352,Thompson-Sampling
3,4.321523961630094,Thompson-Sampling
3,4.18717346949254,Thompson-Sampling
3,4.618115277018534,Thompson-Sampling
3,3.1187623480621722,Thompson-Sampling
3,4.405077014111072,Thompson-Sampling
3,2.574427405659555,Thompson-Sampling
3,3.1439160763517098,Thompson-Sampling
3,4.117707795968059,Thompson-Sampling
3,3.3049757267700746,Thompson-Sampling
3,3.56998813288695,Thompson-Sampling
3,4.5763296412869225,Thompson-Sampling
3,3.3291930649047003,Thompson-Sampling
3,4.588702943818181,Thompson-Sampling
3,3.9782882229711225,Thompson-Sampling
3,2.3480105046137165,Thompson-Sampling
3,4.437820655645488,Thompson-Sampling
3,2.2068243001951044,Thompson-Sampling
3,4.065214115937547,Thompson-Sampling
3,4.427040597356856,Thompson-Sampling
3,3.269140558715169,Thompson-Sampling
3,2.891751232979781,Thompson-Sampling
3,3.7810204672732515,Thompson-Sampling
3,5.026643135299099,Thompson-Sampling
3,3.4695678872594757,Thompson-Sampling
3,4.223202375300541,Thompson-Sampling
3,4.436483084793595,Thompson-Sampling
3,6.475809338835917,Thompson-Sampling
3,3.596149522172615,Thompson-Sampling
3,3.391069793197227,Thompson-Sampling
3,5.383400568710765,Thompson-Sampling
3,3.0189637562425657,Thompson-Sampling
3,4.966963218698126,Thompson-Sampling
3,1.8549952961352192,Thompson-Sampling
3,2.98552988548189,Thompson-Sampling
3,5.0261688574026255,Thompson-Sampling
3,5.416739638049737,Thompson-Sampling
3,2.103331054357537,Thompson-Sampling
3,2.5643228087419816,Thompson-Sampling
3,4.0520754634674585,Thompson-Sampling
3,4.954260462264267,Thompson-Sampling
3,4.478874546711468,Thompson-Sampling
3,3.7987054928984394,Thompson-Sampling
3,4.073207845981344,Thompson-Sampling
3,3.8251016867065797,Thompson-Sampling
3,4.6711103740495705,Thompson-Sampling
3,4.559052551532651,Thompson-Sampling
3,2.5661148491661727,Thompson-Sampling
3,5.037656918218334,Thompson-Sampling
3,5.725190888918353,Thompson-Sampling
3,2.724481618049389,Thompson-Sampling
3,3.3693831175890807,Thompson-Sampling
3,2.9428238527584263,Thompson-Sampling
3,5.539150754349701,Thompson-Sampling
3,3.891904049350632,Thompson-Sampling
3,3.4020384599907523,Thompson-Sampling
3,4.301604434436358,Thompson-Sampling
3,6.030355075295035,Thompson-Sampling
3,3.657696237829967,Thompson-Sampling
3,4.505713877121328,Thompson-Sampling
3,6.282688900224096,Thompson-Sampling
3,3.318804138501386,Thompson-Sampling
3,3.509793841990557,Thompson-Sampling
3,4.937907859104651,Thompson-Sampling
3,2.81727028782623,Thompson-Sampling
3,4.856274463763842,Thompson-Sampling
3,2.1930697250243485,Thompson-Sampling
3,5.062894130666411,Thompson-Sampling
3,3.854676015365825,Thompson-Sampling
3,5.837197754569462,Thompson-Sampling
3,3.2918960986048087,Thompson-Sampling
3,5.090386551178086,Thompson-Sampling
3,4.2337715352747285,Thompson-Sampling
3,4.644584434853676,Thompson-Sampling
3,4.0728997674601946,Thompson-Sampling
3,3.743604501707511,Thompson-Sampling
3,3.9378849689472544,Thompson-Sampling
3,4.128832990431729,Thompson-Sampling
3,3.76226037372883,Thompson-Sampling
3,4.270150288829861,Thompson-Sampling
3,5.140118115328128,Thompson-Sampling
3,3.5566366107394103,Thompson-Sampling
3,4.5587310425288985,Thompson-Sampling
3,4.744310100722484,Thompson-Sampling
3,4.361325275027502,Thompson-Sampling
3,5.46303050255154,Thompson-Sampling
3,3.1983813830137557,Thompson-Sampling
3,3.6686474771168527,Thompson-Sampling
3,4.110064070762197,Thompson-Sampling
3,3.9942436803072123,Thompson-Sampling
3,2.672672468408104,Thompson-Sampling
3,3.542219338479711,Thompson-Sampling
3,4.579426190771587,Thompson-Sampling
3,4.707586155353301,Thompson-Sampling
3,4.16733009469093,Thompson-Sampling
3,1.8135255841224116,Thompson-Sampling
3,4.184534714533804,Thompson-Sampling
3,4.285172050398663,Thompson-Sampling
3,3.710906248445871,Thompson-Sampling
3,4.507059593502501,Thompson-Sampling
3,3.56151027716464,Thompson-Sampling
3,3.0522672108695783,Thompson-Sampling
3,1.7373013978575922,Thompson-Sampling
3,2.164424059027431,Thompson-Sampling
3,4.59919159656617,Thompson-Sampling
3,4.0425174571853395,Thompson-Sampling
3,4.122117101053288,Thompson-Sampling
3,4.74927490389496,Thompson-Sampling
3,4.438231005739405,Thompson-Sampling
3,3.129233225112101,Thompson-Sampling
3,2.3432151014687994,Thompson-Sampling
3,3.439525655965987,Thompson-Sampling
3,3.970812843041198,Thompson-Sampling
3,4.352643701910241,Thompson-Sampling
3,3.2322145894436707,Thompson-Sampling
3,3.798946982126594,Thompson-Sampling
3,3.288703120709182,Thompson-Sampling
3,3.4456466063148277,Thompson-Sampling
3,4.0744157920844986,Thompson-Sampling
3,5.690274918482891,Thompson-Sampling
3,5.2506076440591105,Thompson-Sampling
3,4.462442784848188,Thompson-Sampling
3,4.229438213707835,Thompson-Sampling
3,4.2733395848002695,Thompson-Sampling
3,2.5844772848655277,Thompson-Sampling
3,3.4989627000883305,Thompson-Sampling
3,4.788680115282983,Thompson-Sampling
3,2.5509964306859336,Thompson-Sampling
3,3.0702069729653996,Thompson-Sampling
3,4.462524472217081,Thompson-Sampling
3,3.9975115522829543,Thompson-Sampling
3,4.146885785336343,Thompson-Sampling
3,4.110583177006953,Thompson-Sampling
3,4.551259684434862,Thompson-Sampling
3,4.75839211358844,Thompson-Sampling
3,3.713381400918346,Thompson-Sampling
3,4.29043141158323,Thompson-Sampling
3,2.05089875855421,Thompson-Sampling
3,4.86358787411882,Thompson-Sampling
3,3.8956432216732884,Thompson-Sampling
3,4.563051292588753,Thompson-Sampling
3,3.2075229822578226,Thompson-Sampling
3,4.815322523052455,Thompson-Sampling
3,2.563908890813736,Thompson-Sampling
3,5.478767178070491,Thompson-Sampling
3,3.7741775269170024,Thompson-Sampling
3,4.3450536722969915,Thompson-Sampling
3,4.139406135705507,Thompson-Sampling
3,3.7295375192855236,Thompson-Sampling
3,4.625888230269556,Thompson-Sampling
3,2.283814561726663,Thompson-Sampling
3,4.215279973146488,Thompson-Sampling
3,3.014668821687746,Thompson-Sampling
3,4.111905116428159,Thompson-Sampling
3,5.626334187947281,Thompson-Sampling
3,3.7501755350802686,Thompson-Sampling
3,5.359834064775347,Thompson-Sampling
3,4.289082040401687,Thompson-Sampling
3,4.708116682352211,Thompson-Sampling
3,4.386871520128242,Thompson-Sampling
3,2.8134348492597177,Thompson-Sampling
3,3.1538173375584053,Thompson-Sampling
3,2.8529335089750636,Thompson-Sampling
3,1.7190885960891524,Thompson-Sampling
3,3.8221545080904162,Thompson-Sampling
3,4.075839916374164,Thompson-Sampling
3,4.810724589990099,Thompson-Sampling
3,4.69316355562701,Thompson-Sampling
3,4.22833576782046,Thompson-Sampling
3,3.657472891582323,Thompson-Sampling
3,2.850268715552483,Thompson-Sampling
3,3.81805731917273,Thompson-Sampling
3,2.229097368222842,Thompson-Sampling
3,3.8625195037377766,Thompson-Sampling
3,4.506181394834495,Thompson-Sampling
3,4.131228627728087,Thompson-Sampling
3,5.082319043885393,Thompson-Sampling
3,5.079303678457087,Thompson-Sampling
3,3.520064268150428,Thompson-Sampling
3,3.7978000579345306,Thompson-Sampling
3,3.8212133845309664,Thompson-Sampling
3,5.173771191898863,Thompson-Sampling
3,3.9304729666756604,Thompson-Sampling
3,4.711546726811308,Thompson-Sampling
3,2.879755416797428,Thompson-Sampling
3,2.587623105548833,Thompson-Sampling
3,4.022374249572941,Thompson-Sampling
3,2.624934242352185,Thompson-Sampling
3,5.179209676820335,Thompson-Sampling
3,5.063600932310216,Thompson-Sampling
3,2.6647018812095373,Thompson-Sampling
3,4.662945563750777,Thompson-Sampling
3,4.614845954750227,Thompson-Sampling
3,4.035766350700651,Thompson-Sampling
3,4.796170412606035,Thompson-Sampling
3,3.2052462708397313,Thompson-Sampling
3,5.344051069395007,Thompson-Sampling
3,3.523273655111848,Thompson-Sampling
3,4.336729539649033,Thompson-Sampling
3,3.761730035877429,Thompson-Sampling
3,2.2533635505710774,Thompson-Sampling
3,2.5522364607901333,Thompson-Sampling
3,4.825138142216974,Thompson-Sampling
3,5.7954447067795885,Thompson-Sampling
3,2.5557022398422204,Thompson-Sampling
3,2.9268931834602565,Thompson-Sampling
3,1.8836078644266565,Thompson-Sampling
3,4.635707270503285,Thompson-Sampling
3,4.42985524697156,Thompson-Sampling
3,4.900750728735879,Thompson-Sampling
3,3.0689478236422802,Thompson-Sampling
3,4.132440999348055,Thompson-Sampling
3,3.8795774426281344,Thompson-Sampling
3,5.249993061292782,Thompson-Sampling
3,3.348409180345749,Thompson-Sampling
3,3.793729985612787,Thompson-Sampling
3,4.070253928797772,Thompson-Sampling
3,5.224036253985562,Thompson-Sampling
3,4.258415681172214,Thompson-Sampling
3,5.2884995952326355,Thompson-Sampling
3,4.925298908803448,Thompson-Sampling
3,4.919357302556639,Thompson-Sampling
3,3.415111620390143,Thompson-Sampling
3,4.283235026543116,Thompson-Sampling
3,1.9613070218383624,Thompson-Sampling
3,3.6752695169427785,Thompson-Sampling
3,4.961804675808998,Thompson-Sampling
3,3.968888966696056,Thompson-Sampling
3,4.3885888414351815,Thompson-Sampling
3,4.066507293600782,Thompson-Sampling
3,4.985585758765846,Thompson-Sampling
3,3.6614792023621834,Thompson-Sampling
3,4.339309809541828,Thompson-Sampling
3,4.197193116533375,Thompson-Sampling
3,4.934901589282374,Thompson-Sampling
3,2.644284473987353,Thompson-Sampling
3,3.2272800726743496,Thompson-Sampling
3,4.473943621573886,Thompson-Sampling
3,3.9014331953035737,Thompson-Sampling
3,4.277637216660927,Thompson-Sampling
3,5.0339830181296765,Thompson-Sampling
3,4.437436310682351,Thompson-Sampling
3,3.054222645129833,Thompson-Sampling
3,2.4377665841655665,Thompson-Sampling
3,3.2125148568108246,Thompson-Sampling
3,4.957915418772106,Thompson-Sampling
3,3.184159726763821,Thompson-Sampling
3,3.488705960477064,Thompson-Sampling
3,3.079749298120339,Thompson-Sampling
3,6.159150440366403,Thompson-Sampling
3,2.510783284754046,Thompson-Sampling
3,3.0686580251195856,Thompson-Sampling
3,3.4597731148240642,Thompson-Sampling
3,4.7192299094168835,Thompson-Sampling
3,2.897578266270336,Thompson-Sampling
3,2.6028949098219956,Thompson-Sampling
3,4.417308897436456,Thompson-Sampling
3,4.881572837011661,Thompson-Sampling
3,3.936631308210353,Thompson-Sampling
3,5.7536326608763,Thompson-Sampling
3,3.402762474438389,Thompson-Sampling
3,3.5667155727675537,Thompson-Sampling
3,4.543101359569404,Thompson-Sampling
3,4.765319306912912,Thompson-Sampling
3,4.665290441968376,Thompson-Sampling
3,2.674417949009235,Thompson-Sampling
3,3.5775297726785693,Thompson-Sampling
3,4.130802514416008,Thompson-Sampling
3,4.233837439172093,Thompson-Sampling
3,3.168838998887664,Thompson-Sampling
3,3.199555456239156,Thompson-Sampling
3,3.5896847425202396,Thompson-Sampling
3,3.904412555331984,Thompson-Sampling
3,3.252337956397832,Thompson-Sampling
3,4.201379688057,Thompson-Sampling
3,4.9742543120866145,Thompson-Sampling
3,5.722565659424782,Thompson-Sampling
3,5.4014906899533095,Thompson-Sampling
3,3.4196766754053187,Thompson-Sampling
3,4.180787101088723,Thompson-Sampling
3,4.743109103177183,Thompson-Sampling
3,4.136334815568212,Thompson-Sampling
3,3.045581033376524,Thompson-Sampling
3,3.2767066850645983,Thompson-Sampling
3,3.981177345329177,Thompson-Sampling
3,4.94680527582817,Thompson-Sampling
3,2.264149985297538,Thompson-Sampling
3,4.282289991894874,Thompson-Sampling
3,3.1677860217406915,Thompson-Sampling
3,3.6297660981070043,Thompson-Sampling
3,4.899479321636631,Thompson-Sampling
3,2.595694814081961,Thompson-Sampling
3,5.73431404630607,Thompson-Sampling
3,3.3005726634528134,Thompson-Sampling
3,4.604888010180522,Thompson-Sampling
3,3.768757975187573,Thompson-Sampling
3,3.137857451392932,Thompson-Sampling
3,3.243951658025147,Thompson-Sampling
3,4.936592925068024,Thompson-Sampling
3,3.468375001677386,Thompson-Sampling
3,5.558683009262962,Thompson-Sampling
3,5.138121052640751,Thompson-Sampling
3,2.6877277502471593,Thompson-Sampling
3,4.336039495622592,Thompson-Sampling
3,3.8422970372992737,Thompson-Sampling
3,5.780685893186325,Thompson-Sampling
3,5.2048961480207545,Thompson-Sampling
3,5.9105129311000555,Thompson-Sampling
3,4.84919213674978,Thompson-Sampling
3,4.122943024192275,Thompson-Sampling
3,4.648763507297591,Thompson-Sampling
3,4.950141931113874,Thompson-Sampling
3,3.9039718199312565,Thompson-Sampling
3,6.388397971580575,Thompson-Sampling
3,4.732170621810985,Thompson-Sampling
3,3.5463327520988406,Thompson-Sampling
3,4.031567004437415,Thompson-Sampling
3,5.158672645865602,Thompson-Sampling
3,3.527373231279296,Thompson-Sampling
3,4.628860132387437,Thompson-Sampling
3,5.940189214447483,Thompson-Sampling
3,4.467603267914653,Thompson-Sampling
3,3.2226659975285035,Thompson-Sampling
3,3.8032827156798343,Thompson-Sampling
3,1.6109817577597174,Thompson-Sampling
3,3.1933458784554674,Thompson-Sampling
3,4.316038629828394,Thompson-Sampling
3,1.948657559605794,Thompson-Sampling
3,3.6905207545323906,Thompson-Sampling
3,3.6827762282119654,Thompson-Sampling
3,3.7682600791432455,Thompson-Sampling
3,4.034834121257806,Thompson-Sampling
3,1.742439393451173,Thompson-Sampling
3,4.13451944434461,Thompson-Sampling
3,2.468289018843567,Thompson-Sampling
3,4.056137980173198,Thompson-Sampling
3,5.85427689280251,Thompson-Sampling
3,4.820288150595063,Thompson-Sampling
3,4.845746111132789,Thompson-Sampling
3,4.008118506998503,Thompson-Sampling
3,5.40538239138869,Thompson-Sampling
3,4.515494844388027,Thompson-Sampling
3,3.998919565986469,Thompson-Sampling
3,4.677845675282725,Thompson-Sampling
3,3.617259984343253,Thompson-Sampling
3,2.6863883712232814,Thompson-Sampling
3,4.434458815071472,Thompson-Sampling
3,4.36912392217931,Thompson-Sampling
3,3.7132766876302044,Thompson-Sampling
3,4.894050422822504,Thompson-Sampling
3,4.304244580633483,Thompson-Sampling
3,2.0752393721314757,Thompson-Sampling
3,4.171446363281436,Thompson-Sampling
3,3.532153586106213,Thompson-Sampling
3,4.265923465896606,Thompson-Sampling
3,1.9581012187164304,Thompson-Sampling
3,3.6445301572129685,Thompson-Sampling
3,4.8512603076904455,Thompson-Sampling
3,4.811192760216765,Thompson-Sampling
3,3.594827860924991,Thompson-Sampling
3,4.437553947684488,Thompson-Sampling
3,4.814288230189722,Thompson-Sampling
3,4.456263531893796,Thompson-Sampling
3,3.658689192196798,Thompson-Sampling
3,2.539147728630468,Thompson-Sampling
3,4.334437227780008,Thompson-Sampling
3,3.440213870609587,Thompson-Sampling
3,3.9883928523585137,Thompson-Sampling
3,3.3869493696933226,Thompson-Sampling
3,1.4524789284931297,Thompson-Sampling
3,1.6669060778114138,Thompson-Sampling
3,4.819028820571723,Thompson-Sampling
3,5.153425604916443,Thompson-Sampling
3,2.6811138945100734,Thompson-Sampling
3,3.2532508266328697,Thompson-Sampling
3,4.287297931475787,Thompson-Sampling
3,3.40151624616329,Thompson-Sampling
3,4.228735652720393,Thompson-Sampling
3,3.3807521483892,Thompson-Sampling
3,3.8073247981171487,Thompson-Sampling
3,4.529728609695301,Thompson-Sampling
3,4.916827100455029,Thompson-Sampling
3,3.8321314378168907,Thompson-Sampling
3,6.598322846967193,Thompson-Sampling
3,4.032697435469098,Thompson-Sampling
3,3.18687554470939,Thompson-Sampling
3,3.885638800856743,Thompson-Sampling
3,5.389313576025596,Thompson-Sampling
3,5.010741817814145,Thompson-Sampling
3,3.774171793071006,Thompson-Sampling
3,4.902917800850725,Thompson-Sampling
3,4.974968454803504,Thompson-Sampling
3,5.113888056576153,Thompson-Sampling
3,4.7234213612220595,Thompson-Sampling
3,4.989688852130168,Thompson-Sampling
3,4.030170638577578,Thompson-Sampling
3,4.1590198836247465,Thompson-Sampling
3,2.554023565243618,Thompson-Sampling
3,4.547942764133511,Thompson-Sampling
3,5.171273910232094,Thompson-Sampling
3,4.5634747228590005,Thompson-Sampling
3,3.0387925276364194,Thompson-Sampling
3,6.249975294814885,Thompson-Sampling
3,2.8946949063618312,Thompson-Sampling
3,3.7279239097796237,Thompson-Sampling
3,5.468036178554122,Thompson-Sampling
3,4.674485952237571,Thompson-Sampling
3,3.7857205079774925,Thompson-Sampling
3,2.865537057195826,Thompson-Sampling
3,5.203332416290912,Thompson-Sampling
3,3.97847736169532,Thompson-Sampling
3,4.274412847777292,Thompson-Sampling
3,4.198400486973162,Thompson-Sampling
3,3.1003406118321974,Thompson-Sampling
3,3.1132995448396126,Thompson-Sampling
3,2.165198541682648,Thompson-Sampling
3,3.8677130835322933,Thompson-Sampling
3,4.998569769817421,Thompson-Sampling
3,4.27894566889441,Thompson-Sampling
3,3.8021117457639577,Thompson-Sampling
3,4.4848245319124205,Thompson-Sampling
3,5.16271213099898,Thompson-Sampling
3,3.989259791035196,Thompson-Sampling
3,3.556804360657568,Thompson-Sampling
3,4.739696502472253,Thompson-Sampling
3,3.9723638886082386,Thompson-Sampling
3,3.9565564295834093,Thompson-Sampling
3,6.912413744051101,Thompson-Sampling
3,6.062797687342449,Thompson-Sampling
3,4.736036987188719,Thompson-Sampling
3,2.101675945299438,Thompson-Sampling
3,3.046944999165076,Thompson-Sampling
3,2.8439689486339708,Thompson-Sampling
3,4.811854110854282,Thompson-Sampling
3,4.614500763581683,Thompson-Sampling
3,5.469692253026338,Thompson-Sampling
3,5.323346239182611,Thompson-Sampling
3,3.9391745728122562,Thompson-Sampling
3,2.514582287709734,Thompson-Sampling
3,4.2672275581279875,Thompson-Sampling
3,3.9599482916835393,Thompson-Sampling
3,4.618419126257985,Thompson-Sampling
3,3.11544042613693,Thompson-Sampling
3,3.753490981094921,Thompson-Sampling
3,3.333813134228746,Thompson-Sampling
3,3.707914582225578,Thompson-Sampling
3,5.020126650681345,Thompson-Sampling
3,3.155183270041189,Thompson-Sampling
3,4.091393158522322,Thompson-Sampling
3,2.7008015329916875,Thompson-Sampling
3,3.908899242637451,Thompson-Sampling
3,4.6656603620489765,Thompson-Sampling
3,4.054307656933969,Thompson-Sampling
3,4.675624126147781,Thompson-Sampling
3,2.5759122388934674,Thompson-Sampling
3,3.2878268474221697,Thompson-Sampling
3,3.5162168083322514,Thompson-Sampling
3,4.285227023711464,Thompson-Sampling
3,2.9664429607824925,Thompson-Sampling
3,4.203128140662047,Thompson-Sampling
3,2.9154205958376416,Thompson-Sampling
3,4.357764431394758,Thompson-Sampling
3,5.589571583043104,Thompson-Sampling
3,4.3788110366886706,Thompson-Sampling
3,3.250223319560211,Thompson-Sampling
3,3.8640863791001387,Thompson-Sampling
3,2.646967535078483,Thompson-Sampling
3,3.8729562833323015,Thompson-Sampling
3,3.349154576873192,Thompson-Sampling
3,6.2642716443279465,Thompson-Sampling
3,4.707905619428818,Thompson-Sampling
3,3.537393548325176,Thompson-Sampling
3,3.5341804834027113,Thompson-Sampling
3,5.198924314704368,Thompson-Sampling
3,4.741407062540951,Thompson-Sampling
3,3.444123054621599,Thompson-Sampling
3,3.116296209850396,Thompson-Sampling
3,2.6211773567770127,Thompson-Sampling
3,4.648434619088904,Thompson-Sampling
3,5.785399514584399,Thompson-Sampling
3,4.5858979590692766,Thompson-Sampling
3,2.6426697900409617,Thompson-Sampling
3,3.3402736613829087,Thompson-Sampling
3,4.405164148536702,Thompson-Sampling
3,5.420799814642204,Thompson-Sampling
3,3.4682218342279985,Thompson-Sampling
3,3.5806290892768677,Thompson-Sampling
3,4.411907040090526,Thompson-Sampling
3,4.095598607787203,Thompson-Sampling
3,3.0144289062523217,Thompson-Sampling
3,4.337248396597738,Thompson-Sampling
3,2.4538015493367302,Thompson-Sampling
3,4.9888434516256845,Thompson-Sampling
3,4.678966160128872,Thompson-Sampling
3,4.4147296064015205,Thompson-Sampling
3,2.8661543693137803,Thompson-Sampling
3,4.355662484728259,Thompson-Sampling
3,4.953725377604277,Thompson-Sampling
3,5.869618684520276,Thompson-Sampling
3,4.647500857065651,Thompson-Sampling
3,4.407802656106777,Thompson-Sampling
3,3.907774081406911,Thompson-Sampling
3,4.959682543583811,Thompson-Sampling
3,3.6241199066357286,Thompson-Sampling
3,2.5931011636972885,Thompson-Sampling
3,4.589870980238513,Thompson-Sampling
3,3.893822394083575,Thompson-Sampling
3,3.298203146501848,Thompson-Sampling
3,4.514665952558951,Thompson-Sampling
3,3.9046340117560683,Thompson-Sampling
3,5.2741944118692174,Thompson-Sampling
3,2.4624885615579624,Thompson-Sampling
3,3.9909797812401986,Thompson-Sampling
3,4.174732447786964,Thompson-Sampling
3,4.4265624797838266,Thompson-Sampling
3,2.8066338654731773,Thompson-Sampling
3,4.4705259878409445,Thompson-Sampling
3,5.071798898821137,Thompson-Sampling
3,4.077688652247204,Thompson-Sampling
3,4.674332817254208,Thompson-Sampling
3,5.547884907971609,Thompson-Sampling
3,3.870590776263599,Thompson-Sampling
3,3.5588153587865854,Thompson-Sampling
3,3.914341766250354,Thompson-Sampling
3,3.392838438765368,Thompson-Sampling
3,3.1972304173844694,Thompson-Sampling
3,4.481061180522815,Thompson-Sampling
3,4.564751835280476,Thompson-Sampling
3,3.9430917954326863,Thompson-Sampling
3,4.177768370716087,Thompson-Sampling
3,5.679670601335616,Thompson-Sampling
3,4.363983213287477,Thompson-Sampling
3,4.463400994455166,Thompson-Sampling
3,2.792092727194441,Thompson-Sampling
3,2.7011599397243877,Thompson-Sampling
3,5.455745516111714,Thompson-Sampling
3,3.972485380952854,Thompson-Sampling
3,5.100137965405105,Thompson-Sampling
3,5.5656536942693915,Thompson-Sampling
3,3.251946374030924,Thompson-Sampling
3,4.080546290632064,Thompson-Sampling
3,3.8786088269761856,Thompson-Sampling
3,1.720446975098096,Thompson-Sampling
3,4.215264422819798,Thompson-Sampling
3,4.5185564047505125,Thompson-Sampling
3,5.058841300223503,Thompson-Sampling
3,3.885308564671129,Thompson-Sampling
3,4.060421189101845,Thompson-Sampling
3,2.965030365179237,Thompson-Sampling
3,4.269138754964848,Thompson-Sampling
3,3.3871655776333163,Thompson-Sampling
3,3.62910152473433,Thompson-Sampling
3,5.868287243100745,Thompson-Sampling
3,5.412639140156585,Thompson-Sampling
3,4.87631325920179,Thompson-Sampling
3,3.2711547645488372,Thompson-Sampling
3,3.7125579392823935,Thompson-Sampling
3,1.549555056599158,Thompson-Sampling
3,2.9832719904417306,Thompson-Sampling
3,2.8302099869618735,Thompson-Sampling
3,5.222196342145852,Thompson-Sampling
3,2.620955845606721,Thompson-Sampling
3,6.427600888614647,Thompson-Sampling
3,3.335367306406298,Thompson-Sampling
3,2.5910689519042815,Thompson-Sampling
3,4.595675674409028,Thompson-Sampling
3,2.4435197082839415,Thompson-Sampling
3,4.4581214048587485,Thompson-Sampling
3,3.304630101544397,Thompson-Sampling
3,4.3572559595317975,Thompson-Sampling
3,1.8962545766294387,Thompson-Sampling
3,3.5277149132730297,Thompson-Sampling
3,3.8918900997373047,Thompson-Sampling
3,3.6925936617825017,Thompson-Sampling
3,3.9114979780949937,Thompson-Sampling
3,2.5926084584678577,Thompson-Sampling
3,3.9298658859748,Thompson-Sampling
3,5.052908625793307,Thompson-Sampling
3,4.614199837833546,Thompson-Sampling
3,4.736686501593219,Thompson-Sampling
3,3.4107213331997808,Thompson-Sampling
3,3.5275258463388504,Thompson-Sampling
3,5.90959869009487,Thompson-Sampling
3,4.052754336518472,Thompson-Sampling
3,4.814083633933835,Thompson-Sampling
3,4.499235480807121,Thompson-Sampling
3,4.0530208015951,Thompson-Sampling
3,4.3918685261246315,Thompson-Sampling
3,3.7852614277087886,Thompson-Sampling
3,1.3768203322108907,Thompson-Sampling
3,3.8795940215455245,Thompson-Sampling
3,4.935710469160013,Thompson-Sampling
3,4.241195586723737,Thompson-Sampling
3,2.8320789774561095,Thompson-Sampling
3,3.7040892529048524,Thompson-Sampling
3,4.975325966744716,Thompson-Sampling
3,2.9804170530210383,Thompson-Sampling
3,2.9548428876824673,Thompson-Sampling
3,3.965307760876002,Thompson-Sampling
3,3.443961185395211,Thompson-Sampling
3,6.448939941290263,Thompson-Sampling
3,4.019114074923902,Thompson-Sampling
3,3.645836869759004,Thompson-Sampling
3,2.852909912628127,Thompson-Sampling
3,4.538582697738302,Thompson-Sampling
3,3.747524499112553,Thompson-Sampling
3,1.941922491049819,Thompson-Sampling
3,4.709423168420613,Thompson-Sampling
3,3.930233600401837,Thompson-Sampling
3,4.034290394480821,Thompson-Sampling
3,4.648732715963506,Thompson-Sampling
3,5.712170941855781,Thompson-Sampling
3,4.939943105097926,Thompson-Sampling
3,3.0165932721633424,Thompson-Sampling
3,5.600573347394994,Thompson-Sampling
3,4.426555200650572,Thompson-Sampling
3,2.279218281527638,Thompson-Sampling
3,3.0302385234513416,Thompson-Sampling
3,4.146626087136625,Thompson-Sampling
3,3.654118821898093,Thompson-Sampling
3,4.430302629651182,Thompson-Sampling
3,3.0275289803608274,Thompson-Sampling
3,4.114785294490498,Thompson-Sampling
3,2.8714768965934088,Thompson-Sampling
3,5.495182113224112,Thompson-Sampling
3,3.868763334164813,Thompson-Sampling
3,2.851562477295506,Thompson-Sampling
3,3.350827853277952,Thompson-Sampling
3,4.628548957031553,Thompson-Sampling
3,3.8934584961325145,Thompson-Sampling
3,4.836437247428631,Thompson-Sampling
3,4.494848401411284,Thompson-Sampling
3,6.27193388043994,Thompson-Sampling
3,3.4127925745908767,Thompson-Sampling
3,2.3699054448129147,Thompson-Sampling
3,4.544549495941234,Thompson-Sampling
3,3.5492370022007917,Thompson-Sampling
3,3.3049352702870247,Thompson-Sampling
3,5.163320800757244,Thompson-Sampling
3,4.526272772723973,Thompson-Sampling
3,1.3423006453564756,Thompson-Sampling
3,4.3206180779518295,Thompson-Sampling
3,3.420990132537011,Thompson-Sampling
3,4.5582845144436135,Thompson-Sampling
3,2.405961260363145,Thompson-Sampling
3,5.9144785599783845,Thompson-Sampling
3,4.262067662425379,Thompson-Sampling
3,4.31371500971129,Thompson-Sampling
3,4.173575599401833,Thompson-Sampling
3,4.132600665637597,Thompson-Sampling
3,3.4186090126256876,Thompson-Sampling
3,2.874765365339723,Thompson-Sampling
3,4.941918047648726,Thompson-Sampling
3,2.277129169800734,Thompson-Sampling
3,3.5247800213408453,Thompson-Sampling
3,4.281496711764777,Thompson-Sampling
3,4.714945031345354,Thompson-Sampling
3,4.999345994277988,Thompson-Sampling
3,2.230806984726055,Thompson-Sampling
3,3.133482217015385,Thompson-Sampling
3,3.8641991951651966,Thompson-Sampling
3,3.5166836683041445,Thompson-Sampling
3,4.000395264381907,Thompson-Sampling
3,4.274321114267902,Thompson-Sampling
3,5.34739731074918,Thompson-Sampling
3,3.9514928901482995,Thompson-Sampling
3,4.59959191474635,Thompson-Sampling
3,4.074270428466169,Thompson-Sampling
3,2.0669841924735692,Thompson-Sampling
3,3.0737494550808826,Thompson-Sampling
3,5.576687714780957,Thompson-Sampling
3,4.996490482439999,Thompson-Sampling
3,3.6668146268942157,Thompson-Sampling
3,2.516452943299601,Thompson-Sampling
3,4.416440954631548,Thompson-Sampling
3,5.062809398996184,Thompson-Sampling
3,4.060862746678793,Thompson-Sampling
3,2.175139003104424,Thompson-Sampling
3,3.079232117619133,Thompson-Sampling
3,5.504619236031057,Thompson-Sampling
3,3.523114030560815,Thompson-Sampling
3,3.4969258689216574,Thompson-Sampling
3,5.01630797926799,Thompson-Sampling
3,3.068953497279271,Thompson-Sampling
3,2.3114498161000236,Thompson-Sampling
3,3.990702163652318,Thompson-Sampling
3,3.3205980095240895,Thompson-Sampling
3,2.1512597287103334,Thompson-Sampling
3,5.48422281541983,Thompson-Sampling
3,4.322767780094082,Thompson-Sampling
3,4.625959122002937,Thompson-Sampling
3,3.479433470554584,Thompson-Sampling
3,5.622094354559741,Thompson-Sampling
3,4.797727344078384,Thompson-Sampling
3,5.470508609465615,Thompson-Sampling
3,4.7173449575525,Thompson-Sampling
3,4.192064237576656,Thompson-Sampling
3,4.98960395639072,Thompson-Sampling
3,4.822375481785505,Thompson-Sampling
3,3.1240586106708514,Thompson-Sampling
3,3.4076265031945834,Thompson-Sampling
3,3.843255721596793,Thompson-Sampling
3,4.259116609537553,Thompson-Sampling
3,4.494107264140605,Thompson-Sampling
3,2.88594044657244,Thompson-Sampling
3,2.350177057144338,Thompson-Sampling
3,4.195604642660391,Thompson-Sampling
3,3.813009558678582,Thompson-Sampling
3,4.432429420228127,Thompson-Sampling
3,5.358325014166749,Thompson-Sampling
3,3.536726569447057,Thompson-Sampling
3,4.140612590399367,Thompson-Sampling
3,3.6666977221586223,Thompson-Sampling
3,3.4855165155651573,Thompson-Sampling
3,7.052742194338584,Thompson-Sampling
3,4.246211241881312,Thompson-Sampling
3,2.767479460021085,Thompson-Sampling
3,3.1835218978866324,Thompson-Sampling
3,4.1443830070376055,Thompson-Sampling
3,4.968750756343165,Thompson-Sampling
3,2.163125440317997,Thompson-Sampling
3,3.6330883461668835,Thompson-Sampling
3,3.9002013664252235,Thompson-Sampling
3,3.97129844743538,Thompson-Sampling
3,3.308905653851469,Thompson-Sampling
3,3.7858879083031143,Thompson-Sampling
3,3.4522983514969976,Thompson-Sampling
3,4.466840748844658,Thompson-Sampling
3,4.043361734335833,Thompson-Sampling
3,5.365367097921361,Thompson-Sampling
3,4.6189420876784535,Thompson-Sampling
3,2.423581669995758,Thompson-Sampling
3,4.028615171710439,Thompson-Sampling
3,5.014383820705455,Thompson-Sampling
3,3.8447386352379045,Thompson-Sampling
3,3.6229426922729973,Thompson-Sampling
3,2.7763417696617063,Thompson-Sampling
3,4.169971651263506,Thompson-Sampling
3,3.1511642273031297,Thompson-Sampling
3,5.357984908516375,Thompson-Sampling
3,6.16286527126455,Thompson-Sampling
3,2.945406820533777,Thompson-Sampling
3,3.890951027066622,Thompson-Sampling
3,5.149727801512562,Thompson-Sampling
3,3.965581081677967,Thompson-Sampling
3,4.085283164506256,Thompson-Sampling
3,3.788976615843106,Thompson-Sampling
3,4.316953396024472,Thompson-Sampling
3,3.3653375886667813,Thompson-Sampling
3,4.501341540708468,Thompson-Sampling
3,5.147433005427288,Thompson-Sampling
3,2.5738398662864244,Thompson-Sampling
3,3.8754478632207148,Thompson-Sampling
3,4.525388321847175,Thompson-Sampling
3,2.559383802892673,Thompson-Sampling
3,3.53637669419478,Thompson-Sampling
3,3.0939445803995325,Thompson-Sampling
3,3.4658941770775233,Thompson-Sampling
3,3.0516793939303204,Thompson-Sampling
3,4.165645155033267,Thompson-Sampling
3,4.790545362096074,Thompson-Sampling
3,3.8516143601566464,Thompson-Sampling
3,5.2086376211733,Thompson-Sampling
3,5.561143009745136,Thompson-Sampling
3,2.6954598399254177,Thompson-Sampling
3,5.578919606157202,Thompson-Sampling
3,3.7844117986554395,Thompson-Sampling
3,4.083807238665192,Thompson-Sampling
3,3.9514169167550954,Thompson-Sampling
3,3.9936895146538807,Thompson-Sampling
3,4.274284183787378,Thompson-Sampling
3,2.1674050468673336,Thompson-Sampling
3,4.082331122025137,Thompson-Sampling
3,5.485339368731369,Thompson-Sampling
3,3.8584312590442016,Thompson-Sampling
3,4.392393931765002,Thompson-Sampling
3,2.4176979928724402,Thompson-Sampling
3,4.621825347681172,Thompson-Sampling
3,3.9137056281228144,Thompson-Sampling
3,5.89652655219251,Thompson-Sampling
3,4.234596603423384,Thompson-Sampling
3,3.694161002530714,Thompson-Sampling
3,3.5182161952772586,Thompson-Sampling
3,3.3246761444416193,Thompson-Sampling
3,3.4912544363072797,Thompson-Sampling
3,5.12277588291512,Thompson-Sampling
3,3.1760336230448596,Thompson-Sampling
3,4.918845816033213,Thompson-Sampling
3,2.87491767226465,Thompson-Sampling
3,3.2357317605867713,Thompson-Sampling
3,4.314370338614335,Thompson-Sampling
3,4.456346703570886,Thompson-Sampling
3,5.057395770393016,Thompson-Sampling
3,2.394707594940969,Thompson-Sampling
3,4.599646006695998,Thompson-Sampling
3,3.8224968156008234,Thompson-Sampling
3,4.266024153955912,Thompson-Sampling
3,2.749801187425353,Thompson-Sampling
3,5.971216029155194,Thompson-Sampling
3,5.252024453240387,Thompson-Sampling
3,3.5633153545304777,Thompson-Sampling
3,3.301606916890175,Thompson-Sampling
3,4.239115701532376,Thompson-Sampling
3,4.207603766555807,Thompson-Sampling
3,1.8899333506858742,Thompson-Sampling
3,4.4816145915838215,Thompson-Sampling
3,2.7314283337718823,Thompson-Sampling
3,3.011018866518638,Thompson-Sampling
3,5.355086386618898,Thompson-Sampling
3,4.079688087701072,Thompson-Sampling
3,3.8678725048272065,Thompson-Sampling
3,2.805580712554687,Thompson-Sampling
3,4.086633577748018,Thompson-Sampling
3,3.9555636586546923,Thompson-Sampling
3,5.1768809359821315,Thompson-Sampling
3,4.506561206065206,Thompson-Sampling
3,4.406936941747785,Thompson-Sampling
3,3.0621475119628423,Thompson-Sampling
3,3.7980023040944486,Thompson-Sampling
3,6.1986883010333536,Thompson-Sampling
3,3.9642467069662755,Thompson-Sampling
3,4.20148837797169,Thompson-Sampling
3,4.2635914677022875,Thompson-Sampling
3,5.022721922326552,Thompson-Sampling
3,2.882714007605916,Thompson-Sampling
3,3.744788024135165,Thompson-Sampling
3,4.114237033519549,Thompson-Sampling
3,3.7561325527095795,Thompson-Sampling
3,3.94097513768318,Thompson-Sampling
3,1.5888612013756096,Thompson-Sampling
3,2.433505647551014,Thompson-Sampling
3,4.976631914187108,Thompson-Sampling
3,2.780063624156214,Thompson-Sampling
3,4.802560678183081,Thompson-Sampling
3,2.059957310830052,Thompson-Sampling
3,2.0224552260575033,Thompson-Sampling
3,4.2404212928380005,Thompson-Sampling
3,4.516842651972203,Thompson-Sampling
3,3.9372610727636266,Thompson-Sampling
3,3.4058850366819216,Thompson-Sampling
3,2.78668813554719,Thompson-Sampling
3,3.3259941111422506,Thompson-Sampling
3,4.727829522989573,Thompson-Sampling
3,4.6856056561542285,Thompson-Sampling
3,5.22923712043854,Thompson-Sampling
3,3.4463497086914465,Thompson-Sampling
3,4.395993398777059,Thompson-Sampling
3,6.088964071789182,Thompson-Sampling
3,5.018656222563713,Thompson-Sampling
3,5.233766183035051,Thompson-Sampling
3,3.2904731760912513,Thompson-Sampling
3,4.715882084053762,Thompson-Sampling
3,2.5781804529704235,Thompson-Sampling
3,3.942922881600051,Thompson-Sampling
3,2.8646271848579232,Thompson-Sampling
3,3.992581269819717,Thompson-Sampling
3,4.750529321079087,Thompson-Sampling
3,5.243876815585989,Thompson-Sampling
3,4.763562809603759,Thompson-Sampling
3,4.716230443898948,Thompson-Sampling
3,4.786498431784255,Thompson-Sampling
3,4.200683039610838,Thompson-Sampling
3,4.711763329393001,Thompson-Sampling
3,2.668076501264,Thompson-Sampling
3,5.350584290576907,Thompson-Sampling
3,6.100113823054137,Thompson-Sampling
3,5.560901065366231,Thompson-Sampling
3,4.592182054721898,Thompson-Sampling
3,4.307148931988378,Thompson-Sampling
3,4.081700037980436,Thompson-Sampling
3,3.602252442017041,Thompson-Sampling
3,2.923299582309573,Thompson-Sampling
3,4.971475308246319,Thompson-Sampling
3,5.157331518301101,Thompson-Sampling
3,3.529618639872616,Thompson-Sampling
3,4.23704192538519,Thompson-Sampling
3,4.240854984134709,Thompson-Sampling
3,2.647104096055289,Thompson-Sampling
3,5.961085158703881,Thompson-Sampling
3,2.8357047538164064,Thompson-Sampling
3,4.007717614118449,Thompson-Sampling
3,4.098761096962218,Thompson-Sampling
3,3.8918818421608186,Thompson-Sampling
3,5.003602240206549,Thompson-Sampling
3,3.736858979624391,Thompson-Sampling
3,3.840687384880634,Thompson-Sampling
3,5.158639591464988,Thompson-Sampling
3,4.23564637686192,Thompson-Sampling
3,3.5996593917912536,Thompson-Sampling
3,4.715867257551594,Thompson-Sampling
3,4.616263960828229,Thompson-Sampling
3,4.202115806302104,Thompson-Sampling
3,5.332821143741435,Thompson-Sampling
3,3.0832141089139324,Thompson-Sampling
3,4.7116734601357,Thompson-Sampling
3,3.878919878910436,Thompson-Sampling
3,2.4274150486042547,Thompson-Sampling
3,3.162597751486731,Thompson-Sampling
3,4.264052274746174,Thompson-Sampling
3,4.790042394589462,Thompson-Sampling
3,4.007168738724116,Thompson-Sampling
3,2.901461628142878,Thompson-Sampling
3,4.7090201520285975,Thompson-Sampling
3,6.045917818612233,Thompson-Sampling
3,5.44571302920854,Thompson-Sampling
3,4.5307660525409075,Thompson-Sampling
3,4.54007483801674,Thompson-Sampling
3,3.7027210438332503,Thompson-Sampling
3,4.20611245400107,Thompson-Sampling
3,4.807649509577097,Thompson-Sampling
3,3.106367653838447,Thompson-Sampling
3,4.396253068695551,Thompson-Sampling
3,4.090271771405523,Thompson-Sampling
3,4.772745324232424,Thompson-Sampling
3,2.8081716143538364,Thompson-Sampling
3,3.509096976677826,Thompson-Sampling
3,3.9573250854979767,Thompson-Sampling
3,3.398288930648769,Thompson-Sampling
3,5.865887236891183,Thompson-Sampling
3,4.544975829538823,Thompson-Sampling
3,3.310668207668231,Thompson-Sampling
3,4.256058203216726,Thompson-Sampling
3,5.090233969793914,Thompson-Sampling
3,4.381295996536593,Thompson-Sampling
3,4.916402035637819,Thompson-Sampling
3,3.136718160958578,Thompson-Sampling
3,2.931084147784569,Thompson-Sampling
3,3.831192582891805,Thompson-Sampling
3,4.783495601709696,Thompson-Sampling
3,4.066247451725425,Thompson-Sampling
3,5.350355448637104,Thompson-Sampling
3,3.446067978439439,Thompson-Sampling
3,4.098223735300131,Thompson-Sampling
3,4.569030994030652,Thompson-Sampling
3,5.370824117014772,Thompson-Sampling
3,3.739378391727616,Thompson-Sampling
3,3.5762959580358564,Thompson-Sampling
3,3.458491816116347,Thompson-Sampling
3,4.605955286090523,Thompson-Sampling
3,3.2560496766433564,Thompson-Sampling
3,5.705060594609897,Thompson-Sampling
3,3.2586082499482982,Thompson-Sampling
3,2.3316910510471875,Thompson-Sampling
3,4.052227191644578,Thompson-Sampling
3,4.631384516274046,Thompson-Sampling
3,3.2231417465013634,Thompson-Sampling
3,2.975477014994567,Thompson-Sampling
3,3.6048886640333295,Thompson-Sampling
3,3.7084528341762235,Thompson-Sampling
3,4.94535270088191,Thompson-Sampling
3,4.238357872953344,Thompson-Sampling
3,5.343363046476468,Thompson-Sampling
3,4.428951626938534,Thompson-Sampling
3,2.1033440381976236,Thompson-Sampling
3,5.662018859184124,Thompson-Sampling
3,3.49385408767603,Thompson-Sampling
3,4.982189600843651,Thompson-Sampling
3,5.4182895829408935,Thompson-Sampling
3,4.251665515188876,Thompson-Sampling
3,4.028279141263858,Thompson-Sampling
3,3.3760439051386406,Thompson-Sampling
3,3.3445969490371,Thompson-Sampling
3,3.6296013009111245,Thompson-Sampling
3,5.16599591691511,Thompson-Sampling
3,3.980257321280102,Thompson-Sampling
3,3.080481178169161,Thompson-Sampling
3,4.561126570995263,Thompson-Sampling
3,4.060399886169509,Thompson-Sampling
3,6.3338551087974215,Thompson-Sampling
3,3.2970001159914304,Thompson-Sampling
3,3.4464537524570535,Thompson-Sampling
3,2.9182759433964707,Thompson-Sampling
3,3.890072834662802,Thompson-Sampling
3,3.0690243657415874,Thompson-Sampling
3,4.271257372172046,Thompson-Sampling
3,4.419671722875915,Thompson-Sampling
3,3.3833220518925176,Thompson-Sampling
3,4.083823410554646,Thompson-Sampling
3,4.280844849848979,Thompson-Sampling
3,3.8328651426979774,Thompson-Sampling
3,3.3755252277018064,Thompson-Sampling
3,2.1981796543633525,Thompson-Sampling
3,5.195863101872973,Thompson-Sampling
3,5.369168541205523,Thompson-Sampling
3,2.791920271087907,Thompson-Sampling
3,2.330174589286334,Thompson-Sampling
3,4.312327617385409,Thompson-Sampling
3,3.3567717874076006,Thompson-Sampling
3,3.4233648158940704,Thompson-Sampling
3,4.455765442686438,Thompson-Sampling
3,4.605585922221867,Thompson-Sampling
3,1.932201444637077,Thompson-Sampling
3,4.4725538343064954,Thompson-Sampling
3,5.329297044603351,Thompson-Sampling
3,3.0465646126684183,Thompson-Sampling
3,4.818653637296979,Thompson-Sampling
3,3.843325775296635,Thompson-Sampling
3,2.5027286443633425,Thompson-Sampling
3,3.89136730857568,Thompson-Sampling
3,3.320242509921364,Thompson-Sampling
3,3.946410739015475,Thompson-Sampling
3,5.450548442900375,Thompson-Sampling
3,3.9624293500336565,Thompson-Sampling
3,4.4227779050768286,Thompson-Sampling
3,2.139436408195054,Thompson-Sampling
3,4.529034306565757,Thompson-Sampling
3,5.47694008896962,Thompson-Sampling
3,4.183730841394168,Thompson-Sampling
3,3.069404142780601,Thompson-Sampling
3,4.8214444568177734,Thompson-Sampling
3,3.7449928911674464,Thompson-Sampling
3,2.5849247077372315,Thompson-Sampling
3,5.677609145540759,Thompson-Sampling
3,5.357621196386563,Thompson-Sampling
3,2.8348850124762226,Thompson-Sampling
3,3.8872904063133227,Thompson-Sampling
3,6.510295823292936,Thompson-Sampling
3,5.415785522359041,Thompson-Sampling
3,4.803338413776977,Thompson-Sampling
3,2.0561622569706177,Thompson-Sampling
3,4.40666533439871,Thompson-Sampling
3,4.975213687392984,Thompson-Sampling
3,3.9140059994781176,Thompson-Sampling
3,3.133870895875633,Thompson-Sampling
3,4.137432983291885,Thompson-Sampling
3,2.805219047772711,Thompson-Sampling
3,5.527076553737544,Thompson-Sampling
3,3.5273807979743887,Thompson-Sampling
3,3.7909091428475516,Thompson-Sampling
3,4.098584673547434,Thompson-Sampling
3,2.688412912309762,Thompson-Sampling
3,3.4941482619413766,Thompson-Sampling
3,4.425771227470129,Thompson-Sampling
3,4.281840306662854,Thompson-Sampling
3,4.579177634208746,Thompson-Sampling
3,4.773956653046237,Thompson-Sampling
3,4.319690747002969,Thompson-Sampling
3,4.05531481894447,Thompson-Sampling
3,6.065387998091836,Thompson-Sampling
3,2.9110395907100033,Thompson-Sampling
3,4.308712297449162,Thompson-Sampling
3,4.12005309532616,Thompson-Sampling
3,3.9490162752922817,Thompson-Sampling
3,4.476520296202827,Thompson-Sampling
3,5.823268385488387,Thompson-Sampling
3,5.026679416681304,Thompson-Sampling
3,4.542597600762481,Thompson-Sampling
3,1.5829085024819496,Thompson-Sampling
3,3.6366791106071905,Thompson-Sampling
3,3.7495298531518313,Thompson-Sampling
3,4.0303554195855975,Thompson-Sampling
3,3.663754847350851,Thompson-Sampling
3,4.368734678829666,Thompson-Sampling
3,4.323699751105031,Thompson-Sampling
3,3.5198261935405077,Thompson-Sampling
3,4.021070910315233,Thompson-Sampling
3,5.308761535137095,Thompson-Sampling
3,3.9394990881471084,Thompson-Sampling
3,4.0502541848508695,Thompson-Sampling
3,4.666586506075408,Thompson-Sampling
3,3.7552877197058248,Thompson-Sampling
3,5.128810834760962,Thompson-Sampling
3,3.600071948773192,Thompson-Sampling
3,3.650626759827952,Thompson-Sampling
3,2.1584101345416213,Thompson-Sampling
3,5.349552158044323,Thompson-Sampling
3,4.289929127739702,Thompson-Sampling
3,3.087637826126919,Thompson-Sampling
3,2.936561105740547,Thompson-Sampling
3,4.056449266776879,Thompson-Sampling
3,6.095182425289863,Thompson-Sampling
3,2.7851979318621845,Thompson-Sampling
3,3.924318403579092,Thompson-Sampling
3,3.9504735509659223,Thompson-Sampling
3,2.183750657881669,Thompson-Sampling
3,4.6559956254387656,Thompson-Sampling
3,4.481106919090967,Thompson-Sampling
3,4.440944851703759,Thompson-Sampling
3,3.8837126943304394,Thompson-Sampling
3,3.6880552703921268,Thompson-Sampling
3,3.8510521956876302,Thompson-Sampling
3,2.760868796396936,Thompson-Sampling
3,3.7535219098054435,Thompson-Sampling
3,4.202585695027609,Thompson-Sampling
3,2.409849991735912,Thompson-Sampling
3,3.724463221574363,Thompson-Sampling
3,3.866543103700493,Thompson-Sampling
3,4.410780697820681,Thompson-Sampling
3,4.52407413218365,Thompson-Sampling
3,4.860280088470014,Thompson-Sampling
3,5.472701405690945,Thompson-Sampling
3,5.703084219704229,Thompson-Sampling
3,4.197806720591086,Thompson-Sampling
3,4.584776639161946,Thompson-Sampling
3,3.361446136651485,Thompson-Sampling
3,4.052826014017661,Thompson-Sampling
3,4.243154133887329,Thompson-Sampling
3,5.388165201974452,Thompson-Sampling
3,2.701415473617284,Thompson-Sampling
3,4.082300186248887,Thompson-Sampling
3,5.776508041143456,Thompson-Sampling
3,2.323925397282747,Thompson-Sampling
3,5.108755601628408,Thompson-Sampling
3,4.132406707868691,Thompson-Sampling
3,2.3705806386365205,Thompson-Sampling
3,4.139886399666403,Thompson-Sampling
3,5.956066713131446,Thompson-Sampling
3,3.7044697700010296,Thompson-Sampling
3,4.49211707338397,Thompson-Sampling
3,5.092259737098304,Thompson-Sampling
3,5.230460658531634,Thompson-Sampling
3,3.8542591877472603,Thompson-Sampling
3,4.686333673966399,Thompson-Sampling
3,3.0459597235459204,Thompson-Sampling
3,3.7409303279893646,Thompson-Sampling
3,3.0481248114522934,Thompson-Sampling
3,4.77933578534192,Thompson-Sampling
3,4.400119100677559,Thompson-Sampling
3,4.441065693164517,Thompson-Sampling
3,4.4109795437413934,Thompson-Sampling
3,5.352621026150933,Thompson-Sampling
3,4.820593650399725,Thompson-Sampling
3,4.349075478486028,Thompson-Sampling
3,5.977684873601624,Thompson-Sampling
3,2.7449438101494863,Thompson-Sampling
3,2.181349850949739,Thompson-Sampling
3,3.591310971950664,Thompson-Sampling
3,5.209034520910999,Thompson-Sampling
3,4.22699339561278,Thompson-Sampling
3,3.4121312370046444,Thompson-Sampling
3,3.285634460054479,Thompson-Sampling
3,5.373421160814603,Thompson-Sampling
3,3.775382001722378,Thompson-Sampling
3,4.896966667315242,Thompson-Sampling
3,4.209183154761547,Thompson-Sampling
3,4.123132534820473,Thompson-Sampling
3,3.8580804534274225,Thompson-Sampling
3,2.721409741859828,Thompson-Sampling
3,6.236161583582444,Thompson-Sampling
3,3.665945580135354,Thompson-Sampling
3,3.012570270807334,Thompson-Sampling
3,5.073364153012507,Thompson-Sampling
3,4.101947767719236,Thompson-Sampling
3,4.5175524581386775,Thompson-Sampling
3,3.184291462672175,Thompson-Sampling
3,2.6117780773031853,Thompson-Sampling
3,0.5820659403471913,Thompson-Sampling
3,5.475191807379426,Thompson-Sampling
3,6.534220668589226,Thompson-Sampling
3,5.1376606671432645,Thompson-Sampling
3,4.250898240268154,Thompson-Sampling
3,4.854842893495871,Thompson-Sampling
3,3.8496418590812524,Thompson-Sampling
3,3.535755634396493,Thompson-Sampling
3,3.166577717832149,Thompson-Sampling
3,5.0726066188703705,Thompson-Sampling
3,3.236257256306592,Thompson-Sampling
3,5.033966770768912,Thompson-Sampling
3,3.9499196977050786,Thompson-Sampling
3,3.73057867295518,Thompson-Sampling
3,3.3772846165058668,Thompson-Sampling
3,2.5854525727051163,Thompson-Sampling
3,5.191224829330697,Thompson-Sampling
3,2.467334921289886,Thompson-Sampling
3,2.5756319995042127,Thompson-Sampling
3,3.3791607641060617,Thompson-Sampling
3,4.204689062740741,Thompson-Sampling
3,2.986072033997042,Thompson-Sampling
3,3.9476443315476892,Thompson-Sampling
3,5.3688355757743,Thompson-Sampling
3,1.1273462959965532,Thompson-Sampling
3,5.69640560885261,Thompson-Sampling
3,1.951561019154127,Thompson-Sampling
3,2.896170847444953,Thompson-Sampling
3,5.203416345836078,Thompson-Sampling
3,4.0388720372188835,Thompson-Sampling
3,2.3446860260861477,Thompson-Sampling
3,5.434510466626402,Thompson-Sampling
3,4.497401615512982,Thompson-Sampling
3,6.012180520516615,Thompson-Sampling
3,3.397557069976321,Thompson-Sampling
3,4.197239542929475,Thompson-Sampling
3,3.549638476313225,Thompson-Sampling
3,3.5694302547963623,Thompson-Sampling
3,2.775026201109325,Thompson-Sampling
3,2.990816583911207,Thompson-Sampling
3,3.442120171421655,Thompson-Sampling
3,2.5664856322596057,Thompson-Sampling
3,5.584223835736671,Thompson-Sampling
3,2.1789642507053797,Thompson-Sampling
3,3.3323124618605515,Thompson-Sampling
3,5.542319597024527,Thompson-Sampling
3,5.713519499091073,Thompson-Sampling
3,2.729575085501456,Thompson-Sampling
3,3.3370440854187566,Thompson-Sampling
3,4.110857189470536,Thompson-Sampling
3,4.401666452912165,Thompson-Sampling
3,4.619490131004832,Thompson-Sampling
3,4.762550351447287,Thompson-Sampling
3,3.2277902875552544,Thompson-Sampling
3,2.899902086260572,Thompson-Sampling
3,2.3264348234249894,Thompson-Sampling
3,3.38374634785558,Thompson-Sampling
3,4.036126874553652,Thompson-Sampling
3,2.5597374702441966,Thompson-Sampling
3,4.501202337062009,Thompson-Sampling
3,5.083202760823237,Thompson-Sampling
3,4.996030170237367,Thompson-Sampling
3,3.621867968062784,Thompson-Sampling
3,4.837873560963084,Thompson-Sampling
3,3.4754884136464,Thompson-Sampling
3,4.492154977407937,Thompson-Sampling
3,3.734062426637407,Thompson-Sampling
3,4.899063843757208,Thompson-Sampling
3,4.69336432546183,Thompson-Sampling
3,4.613305239201705,Thompson-Sampling
3,3.2812648538644917,Thompson-Sampling
3,3.3283850286068155,Thompson-Sampling
3,3.795749351480583,Thompson-Sampling
3,3.7373649203051693,Thompson-Sampling
3,3.234943777566767,Thompson-Sampling
3,4.447212743187213,Thompson-Sampling
3,5.361462120166912,Thompson-Sampling
3,4.702529989420769,Thompson-Sampling
3,4.192605598368296,Thompson-Sampling
3,3.4689741807543353,Thompson-Sampling
3,2.143974389963838,Thompson-Sampling
3,4.122129886246001,Thompson-Sampling
3,5.646821698657243,Thompson-Sampling
3,4.254945412040649,Thompson-Sampling
3,4.937483580159389,Thompson-Sampling
3,4.959603554476833,Thompson-Sampling
3,2.9368739570705777,Thompson-Sampling
3,3.4955616745363023,Thompson-Sampling
3,3.556159782226332,Thompson-Sampling
3,2.8918486130932783,Thompson-Sampling
3,4.966195851156375,Thompson-Sampling
3,4.752257177291462,Thompson-Sampling
3,4.342417338664767,Thompson-Sampling
3,4.1569562360565975,Thompson-Sampling
3,5.055451277823479,Thompson-Sampling
3,3.7127638819731303,Thompson-Sampling
3,2.2701072299770564,Thompson-Sampling
3,3.011358291914756,Thompson-Sampling
3,4.8063143298384645,Thompson-Sampling
3,4.064406805447294,Thompson-Sampling
3,4.628605990031232,Thompson-Sampling
3,4.5172106862007455,Thompson-Sampling
3,4.117106869162763,Thompson-Sampling
3,2.2350249838948253,Thompson-Sampling
3,3.54249035459716,Thompson-Sampling
3,3.7963496405739408,Thompson-Sampling
3,2.964412635448263,Thompson-Sampling
3,3.6376793563839414,Thompson-Sampling
3,2.7047137101497745,Thompson-Sampling
3,5.889679214267208,Thompson-Sampling
3,3.2396135988973276,Thompson-Sampling
3,4.576888179963975,Thompson-Sampling
3,4.349374018693953,Thompson-Sampling
3,4.657532849336705,Thompson-Sampling
3,3.2609236702249476,Thompson-Sampling
3,4.434866746319727,Thompson-Sampling
3,3.908312258135486,Thompson-Sampling
3,6.266602136710498,Thompson-Sampling
3,4.542969158115972,Thompson-Sampling
3,2.374464977641116,Thompson-Sampling
3,4.009815032161998,Thompson-Sampling
3,4.54288147997881,Thompson-Sampling
3,4.702810738287057,Thompson-Sampling
3,5.001777991699773,Thompson-Sampling
3,3.3515736466282053,Thompson-Sampling
3,3.6910903392491976,Thompson-Sampling
3,3.9407690596155813,Thompson-Sampling
3,3.666766411345508,Thompson-Sampling
3,3.572610324880955,Thompson-Sampling
3,4.357152227451313,Thompson-Sampling
3,3.8745795093459834,Thompson-Sampling
3,5.346237457084196,Thompson-Sampling
3,1.811357894059035,Thompson-Sampling
3,5.455183829788701,Thompson-Sampling
3,4.601999504031132,Thompson-Sampling
3,5.34642093979838,Thompson-Sampling
3,3.384025100470972,Thompson-Sampling
3,3.8173715953080833,Thompson-Sampling
3,3.9040251605266283,Thompson-Sampling
3,4.63969437183284,Thompson-Sampling
3,1.0392666196646432,Thompson-Sampling
3,2.8547874181570223,Thompson-Sampling
3,2.5370193770703264,Thompson-Sampling
3,3.8761748045017947,Thompson-Sampling
3,4.670618395339683,Thompson-Sampling
3,3.8136979296072893,Thompson-Sampling
3,3.656116292397117,Thompson-Sampling
3,3.0903657532891473,Thompson-Sampling
3,4.392444035376063,Thompson-Sampling
3,3.6417706004151875,Thompson-Sampling
3,4.956837262265732,Thompson-Sampling
3,3.4801062394936353,Thompson-Sampling
3,3.661285657503344,Thompson-Sampling
3,2.988216150059634,Thompson-Sampling
3,5.594505856856186,Thompson-Sampling
3,3.4366635452605143,Thompson-Sampling
3,4.362949060562729,Thompson-Sampling
3,3.0540374054805284,Thompson-Sampling
3,1.8480637394350303,Thompson-Sampling
3,3.806487459269383,Thompson-Sampling
3,3.80349428461234,Thompson-Sampling
3,4.078458937955544,Thompson-Sampling
3,4.223663689062631,Thompson-Sampling
3,2.5633974001187463,Thompson-Sampling
3,3.7499820928698515,Thompson-Sampling
3,2.6150205324391838,Thompson-Sampling
3,5.245173256131879,Thompson-Sampling
3,2.8826345951676666,Thompson-Sampling
3,3.087324506216369,Thompson-Sampling
3,3.787283033728515,Thompson-Sampling
3,4.305382186594247,Thompson-Sampling
3,5.904362756345437,Thompson-Sampling
3,4.498920878419849,Thompson-Sampling
3,5.295920796249533,Thompson-Sampling
3,4.389922149791139,Thompson-Sampling
3,5.46745297890897,Thompson-Sampling
3,2.4024814924137665,Thompson-Sampling
3,4.465910076532855,Thompson-Sampling
3,2.9005348277651475,Thompson-Sampling
3,2.8083440109051248,Thompson-Sampling
3,4.2212070348615365,Thompson-Sampling
3,4.304002179707623,Thompson-Sampling
3,5.225610804638197,Thompson-Sampling
3,2.5572021590317804,Thompson-Sampling
3,4.826289979008921,Thompson-Sampling
3,4.456007768603545,Thompson-Sampling
3,3.128832791105052,Thompson-Sampling
3,3.0980808381294134,Thompson-Sampling
3,4.279388541911654,Thompson-Sampling
3,3.641960934798164,Thompson-Sampling
3,4.256906014282737,Thompson-Sampling
3,4.86932361645033,Thompson-Sampling
3,4.293327664540473,Thompson-Sampling
3,3.5846324887528374,Thompson-Sampling
3,3.6929862058661462,Thompson-Sampling
3,4.2495499946583415,Thompson-Sampling
3,3.671533740508623,Thompson-Sampling
3,4.627362884921247,Thompson-Sampling
3,4.572490397184001,Thompson-Sampling
3,3.9641789997828907,Thompson-Sampling
3,2.7101920368236847,Thompson-Sampling
3,3.0944592417618093,Thompson-Sampling
3,3.418634334285427,Thompson-Sampling
3,5.354662344721072,Thompson-Sampling
3,4.448034035036324,Thompson-Sampling
3,3.218556688833413,Thompson-Sampling
3,3.492604363723381,Thompson-Sampling
3,4.135560647708319,Thompson-Sampling
3,4.404536171003267,Thompson-Sampling
3,3.3451924980408902,Thompson-Sampling
3,3.707614606694833,Thompson-Sampling
3,3.7045023856405015,Thompson-Sampling
3,4.3044757589244345,Thompson-Sampling
3,4.230559637515349,Thompson-Sampling
3,2.155967775546272,Thompson-Sampling
3,4.246098793349281,Thompson-Sampling
3,3.3083877625815044,Thompson-Sampling
3,3.4220342579029364,Thompson-Sampling
3,2.3521978697382626,Thompson-Sampling
3,4.547086123332043,Thompson-Sampling
3,4.688751574556835,Thompson-Sampling
3,4.642242366727168,Thompson-Sampling
3,3.994384012337383,Thompson-Sampling
3,5.456815209816071,Thompson-Sampling
3,2.371591329980621,Thompson-Sampling
3,2.9675907559595576,Thompson-Sampling
3,4.662888711841161,Thompson-Sampling
3,3.2804927860052864,Thompson-Sampling
3,3.780894388377365,Thompson-Sampling
3,6.035140574537804,Thompson-Sampling
3,3.9993336399589072,Thompson-Sampling
3,4.672514764893891,Thompson-Sampling
3,4.545279037558816,Thompson-Sampling
3,3.966137411161138,Thompson-Sampling
3,4.4525814887303845,Thompson-Sampling
3,5.0060091606805805,Thompson-Sampling
3,3.830178381872008,Thompson-Sampling
3,4.900378653879108,Thompson-Sampling
3,4.951068123266994,Thompson-Sampling
3,4.100563343823644,Thompson-Sampling
3,5.00286167997717,Thompson-Sampling
3,3.397120305378095,Thompson-Sampling
3,5.4344668476211,Thompson-Sampling
3,3.7566771890698494,Thompson-Sampling
3,4.456882896713471,Thompson-Sampling
3,2.7212002696767965,Thompson-Sampling
3,4.971843008883398,Thompson-Sampling
3,3.9746868093908834,Thompson-Sampling
3,2.362265369577907,Thompson-Sampling
3,4.0890355643274185,Thompson-Sampling
3,4.507765353405905,Thompson-Sampling
3,4.104683177510896,Thompson-Sampling
3,3.406011911247739,Thompson-Sampling
3,3.185093906908084,Thompson-Sampling
3,3.3231984941077948,Thompson-Sampling
3,3.605580333321911,Thompson-Sampling
3,3.3104118916359306,Thompson-Sampling
3,2.2160374858003933,Thompson-Sampling
3,3.399989220563719,Thompson-Sampling
3,2.91807307193797,Thompson-Sampling
3,3.9357482754187654,Thompson-Sampling
3,4.175458598995789,Thompson-Sampling
3,3.4301246658045517,Thompson-Sampling
3,6.151860770069572,Thompson-Sampling
3,4.100167392714766,Thompson-Sampling
3,3.272580947798452,Thompson-Sampling
3,4.771090860515086,Thompson-Sampling
3,3.3322968331150866,Thompson-Sampling
3,4.677430799422978,Thompson-Sampling
3,3.1582360641139626,Thompson-Sampling
3,3.6960466658572377,Thompson-Sampling
3,4.874123263883982,Thompson-Sampling
3,4.866933521976436,Thompson-Sampling
3,2.66709778806016,Thompson-Sampling
3,2.4450851484639013,Thompson-Sampling
3,3.493986350928404,Thompson-Sampling
3,4.8763274670086565,Thompson-Sampling
3,3.2702371002799806,Thompson-Sampling
3,4.574124154623846,Thompson-Sampling
3,4.108621550564681,Thompson-Sampling
3,3.73400477257705,Thompson-Sampling
3,5.428566590428852,Thompson-Sampling
3,4.098020249132633,Thompson-Sampling
3,4.1315759951724464,Thompson-Sampling
3,4.505376352692489,Thompson-Sampling
3,4.103941343567747,Thompson-Sampling
3,3.6471973526389876,Thompson-Sampling
3,4.328459963747011,Thompson-Sampling
3,3.622683317822303,Thompson-Sampling
3,2.587655847461357,Thompson-Sampling
3,3.779786703843671,Thompson-Sampling
3,3.946226908400889,Thompson-Sampling
3,3.698024176853219,Thompson-Sampling
3,3.4130282329622745,Thompson-Sampling
3,5.065781652126656,Thompson-Sampling
3,5.703855603013107,Thompson-Sampling
3,2.7864614811778807,Thompson-Sampling
3,5.1182733025068625,Thompson-Sampling
3,4.074596755648656,Thompson-Sampling
3,3.6593575302371857,Thompson-Sampling
3,4.335704005306599,Thompson-Sampling
3,3.691331417067887,Thompson-Sampling
3,2.8451332883042157,Thompson-Sampling
3,4.072156496639116,Thompson-Sampling
3,3.488907442125622,Thompson-Sampling
3,3.0335332170109544,Thompson-Sampling
3,1.8914244731118615,Thompson-Sampling
3,3.8113613005935028,Thompson-Sampling
3,2.939971441328601,Thompson-Sampling
3,3.93294347817624,Thompson-Sampling
3,2.991283835097032,Thompson-Sampling
3,4.323917252160307,Thompson-Sampling
3,5.805862277112884,Thompson-Sampling
3,3.796984937788577,Thompson-Sampling
3,3.0177933722228616,Thompson-Sampling
3,5.620845103181171,Thompson-Sampling
3,2.558387955628853,Thompson-Sampling
3,1.9640600842270888,Thompson-Sampling
3,4.143231871342171,Thompson-Sampling
3,3.739704619220691,Thompson-Sampling
3,2.114605187676691,Thompson-Sampling
3,2.6162483416021853,Thompson-Sampling
3,3.3840659423037156,Thompson-Sampling
3,3.646724119258898,Thompson-Sampling
3,4.977410761080343,Thompson-Sampling
3,4.7791161992695,Thompson-Sampling
3,3.225477606444116,Thompson-Sampling
3,3.6288912235603807,Thompson-Sampling
3,4.069359617220388,Thompson-Sampling
3,4.802365514158949,Thompson-Sampling
3,3.61468091382085,Thompson-Sampling
3,5.338918035554299,Thompson-Sampling
3,3.152933709644902,Thompson-Sampling
3,3.845062336089597,Thompson-Sampling
3,1.3231515972661572,Thompson-Sampling
3,5.421766924864459,Thompson-Sampling
3,3.094600216770329,Thompson-Sampling
3,3.4135055107775036,Thompson-Sampling
3,4.298100188196742,Thompson-Sampling
3,3.2424748261568404,Thompson-Sampling
3,3.6716892584938083,Thompson-Sampling
3,4.696491869427264,Thompson-Sampling
3,2.3929146043460054,Thompson-Sampling
3,4.423352499677116,Thompson-Sampling
3,4.112367532768913,Thompson-Sampling
3,3.9408357634778977,Thompson-Sampling
3,1.9568823232265813,Thompson-Sampling
3,4.540289689300141,Thompson-Sampling
3,3.578670563408989,Thompson-Sampling
3,3.971590081947076,Thompson-Sampling
3,2.9104693663655015,Thompson-Sampling
3,3.2915436277957757,Thompson-Sampling
3,4.4533479996196945,Thompson-Sampling
3,3.9612207049500894,Thompson-Sampling
3,5.355403556699577,Thompson-Sampling
3,5.184189759302157,Thompson-Sampling
3,2.807428238267547,Thompson-Sampling
3,3.982671272797077,Thompson-Sampling
3,4.2851195066756285,Thompson-Sampling
3,3.8046882258765886,Thompson-Sampling
3,3.2801271858956276,Thompson-Sampling
3,3.800988329352509,Thompson-Sampling
3,3.0073864227900904,Thompson-Sampling
3,3.427509575087792,Thompson-Sampling
3,4.570428249137914,Thompson-Sampling
3,4.523284754999322,Thompson-Sampling
3,3.0268134100936916,Thompson-Sampling
3,2.786667930116458,Thompson-Sampling
3,4.304756144721677,Thompson-Sampling
3,3.338400608145676,Thompson-Sampling
3,3.9312003125861446,Thompson-Sampling
3,3.44881144253553,Thompson-Sampling
3,4.3572717151113185,Thompson-Sampling
3,4.422588266593398,Thompson-Sampling
3,3.1639100572352286,Thompson-Sampling
3,2.9191210151545475,Thompson-Sampling
3,3.6884493508437792,Thompson-Sampling
3,4.992096159518952,Thompson-Sampling
3,4.818409254286109,Thompson-Sampling
3,4.174268175285747,Thompson-Sampling
3,2.5242305372047715,Thompson-Sampling
3,2.661744580211211,Thompson-Sampling
3,3.8045487922021213,Thompson-Sampling
3,4.378651152588446,Thompson-Sampling
3,4.52590476135572,Thompson-Sampling
3,3.917735070943053,Thompson-Sampling
3,3.2241783485264217,Thompson-Sampling
3,3.8825582175776625,Thompson-Sampling
3,3.6302914412786564,Thompson-Sampling
3,2.6616968071216016,Thompson-Sampling
3,3.2142724009484587,Thompson-Sampling
3,3.981568275539624,Thompson-Sampling
3,4.918486074297132,Thompson-Sampling
3,3.8067005271859986,Thompson-Sampling
3,4.369206566232657,Thompson-Sampling
3,3.1328497135067797,Thompson-Sampling
3,3.725539314345604,Thompson-Sampling
3,3.628192372376403,Thompson-Sampling
3,4.159933144847053,Thompson-Sampling
3,4.566070990080169,Thompson-Sampling
3,4.038744117565776,Thompson-Sampling
3,5.288551829132184,Thompson-Sampling
3,3.9717645463713076,Thompson-Sampling
3,5.71232625371079,Thompson-Sampling
3,4.642286317022498,Thompson-Sampling
3,5.879342937709058,Thompson-Sampling
3,2.8363007331332266,Thompson-Sampling
3,1.9112253752398454,Thompson-Sampling
3,2.238093959846201,Thompson-Sampling
3,1.9966253338988302,Thompson-Sampling
3,4.334770012690474,Thompson-Sampling
3,3.9531201774249918,Thompson-Sampling
3,2.1823352467233907,Thompson-Sampling
3,3.8928768300062497,Thompson-Sampling
3,4.000040480252864,Thompson-Sampling
3,5.263686398408042,Thompson-Sampling
3,4.827291878886788,Thompson-Sampling
3,5.424227641957388,Thompson-Sampling
3,2.7065885479322658,Thompson-Sampling
3,5.002125378664559,Thompson-Sampling
3,2.975213133392002,Thompson-Sampling
3,2.995641952640095,Thompson-Sampling
3,4.759234341522663,Thompson-Sampling
3,4.560625338307142,Thompson-Sampling
3,3.4605933650659133,Thompson-Sampling
3,4.2208715233508265,Thompson-Sampling
3,4.40116731691086,Thompson-Sampling
3,3.481064469265369,Thompson-Sampling
3,5.615713877253022,Thompson-Sampling
3,4.338287579941988,Thompson-Sampling
3,3.918899513838408,Thompson-Sampling
3,4.5039047806546275,Thompson-Sampling
3,4.335172044351957,Thompson-Sampling
3,4.704596163814408,Thompson-Sampling
3,4.988942409260177,Thompson-Sampling
3,3.829912215301549,Thompson-Sampling
3,3.8183471810980216,Thompson-Sampling
3,2.9934832337562844,Thompson-Sampling
3,4.45582526971503,Thompson-Sampling
3,4.742698726211452,Thompson-Sampling
3,5.625281091665008,Thompson-Sampling
3,3.9055567787092227,Thompson-Sampling
3,4.3600801558214695,Thompson-Sampling
3,4.0634855291278384,Thompson-Sampling
3,2.6348268068716045,Thompson-Sampling
3,3.6405828681123755,Thompson-Sampling
3,2.942911808512075,Thompson-Sampling
3,3.0169265117348374,Thompson-Sampling
3,2.6810492396349557,Thompson-Sampling
3,1.7726940404333438,Thompson-Sampling
3,3.802171133277718,Thompson-Sampling
3,2.437774959902007,Thompson-Sampling
3,6.097854307465283,Thompson-Sampling
3,4.025480957759902,Thompson-Sampling
3,4.861229386329984,Thompson-Sampling
3,3.7877772351369847,Thompson-Sampling
3,4.361884730665461,Thompson-Sampling
3,3.38737983082978,Thompson-Sampling
3,3.182871762650123,Thompson-Sampling
3,3.8040326122651593,Thompson-Sampling
3,2.765538651365796,Thompson-Sampling
3,3.9377873347692156,Thompson-Sampling
3,4.218793355181345,Thompson-Sampling
3,4.595274758590599,Thompson-Sampling
3,3.393960017052546,Thompson-Sampling
3,3.010406429072258,Thompson-Sampling
3,5.003771569414851,Thompson-Sampling
3,3.1282710462552874,Thompson-Sampling
3,4.3652823643107945,Thompson-Sampling
3,3.362072763288408,Thompson-Sampling
3,4.162810514319112,Thompson-Sampling
3,3.97061807729544,Thompson-Sampling
3,4.47039096868263,Thompson-Sampling
3,2.2033933462660666,Thompson-Sampling
3,3.633064497014973,Thompson-Sampling
3,3.6872007764565184,Thompson-Sampling
3,3.35919531923315,Thompson-Sampling
3,4.792583375879662,Thompson-Sampling
3,2.3861790137287953,Thompson-Sampling
3,3.975059013689516,Thompson-Sampling
3,5.3712688519374225,Thompson-Sampling
3,4.762602462973253,Thompson-Sampling
3,4.736826144026191,Thompson-Sampling
3,4.013278065003014,Thompson-Sampling
3,3.43500532288697,Thompson-Sampling
3,5.242645149920254,Thompson-Sampling
3,3.9523996679481788,Thompson-Sampling
3,4.859717101905932,Thompson-Sampling
3,4.6475254238009445,Thompson-Sampling
3,3.3581159569887897,Thompson-Sampling
3,3.5840368918590424,Thompson-Sampling
3,4.126881687127396,Thompson-Sampling
3,2.875409873904389,Thompson-Sampling
3,2.9750583967680795,Thompson-Sampling
3,4.8887086472767995,Thompson-Sampling
3,4.246941091463729,Thompson-Sampling
3,4.317357623340853,Thompson-Sampling
3,2.0523761139132626,Thompson-Sampling
3,3.1761928000072825,Thompson-Sampling
3,4.7400558737384975,Thompson-Sampling
3,2.30980342855951,Thompson-Sampling
3,4.334591767702758,Thompson-Sampling
3,4.8755407741720305,Thompson-Sampling
3,3.908380944081405,Thompson-Sampling
3,3.538327234271062,Thompson-Sampling
3,5.270839160703231,Thompson-Sampling
3,1.6391794774061625,Thompson-Sampling
3,4.041871129617496,Thompson-Sampling
3,4.141195848238208,Thompson-Sampling
3,3.950944569473207,Thompson-Sampling
3,4.134987490939792,Thompson-Sampling
3,2.703974866613481,Thompson-Sampling
3,4.126318940644646,Thompson-Sampling
3,3.0048081501332584,Thompson-Sampling
3,5.413369538891816,Thompson-Sampling
3,4.229731073473415,Thompson-Sampling
3,3.7961448340071016,Thompson-Sampling
3,4.526630902679059,Thompson-Sampling
3,3.7171279401482415,Thompson-Sampling
3,3.4584964923813426,Thompson-Sampling
3,4.511215018033116,Thompson-Sampling
3,5.256360731515648,Thompson-Sampling
3,4.91643826077858,Thompson-Sampling
3,6.353490501818236,Thompson-Sampling
3,2.800451028799289,Thompson-Sampling
3,4.8122950388309205,Thompson-Sampling
3,2.7503740161844608,Thompson-Sampling
3,5.17522805463841,Thompson-Sampling
3,4.4248623518885655,Thompson-Sampling
3,2.3828154851234506,Thompson-Sampling
3,3.988719569064766,Thompson-Sampling
3,3.104299502441609,Thompson-Sampling
3,4.641404336432031,Thompson-Sampling
3,3.527890470660217,Thompson-Sampling
3,5.171494548962176,Thompson-Sampling
3,3.1394866995671236,Thompson-Sampling
3,4.4499516746264485,Thompson-Sampling
3,2.850920606017063,Thompson-Sampling
3,3.4685420117119854,Thompson-Sampling
3,4.626292786575429,Thompson-Sampling
3,4.120691070491535,Thompson-Sampling
3,4.1777912793392264,Thompson-Sampling
3,3.151576010827075,Thompson-Sampling
3,4.8746643740034665,Thompson-Sampling
3,2.685874329227361,Thompson-Sampling
3,4.626990013484683,Thompson-Sampling
3,3.4720106282783783,Thompson-Sampling
3,4.605628320868709,Thompson-Sampling
3,3.8657882523065634,Thompson-Sampling
3,2.696351534815318,Thompson-Sampling
3,4.79853565609884,Thompson-Sampling
3,4.972562078887125,Thompson-Sampling
3,3.74371445598789,Thompson-Sampling
3,3.569293215793945,Thompson-Sampling
3,4.137234093177548,Thompson-Sampling
3,3.8353024305359384,Thompson-Sampling
3,4.323169657396117,Thompson-Sampling
3,5.000398486254569,Thompson-Sampling
3,3.4627235907920717,Thompson-Sampling
3,4.833939118026403,Thompson-Sampling
3,3.9730386829157722,Thompson-Sampling
3,3.0677688156403757,Thompson-Sampling
3,6.910823090470265,Thompson-Sampling
3,4.975195354929233,Thompson-Sampling
3,3.819047165367748,Thompson-Sampling
3,3.6263034602728954,Thompson-Sampling
3,5.042405485278774,Thompson-Sampling
3,5.977011722504819,Thompson-Sampling
3,4.950204521912364,Thompson-Sampling
3,2.7067381847674197,Thompson-Sampling
3,4.503922237024772,Thompson-Sampling
3,4.620216721480896,Thompson-Sampling
3,4.270433357972486,Thompson-Sampling
3,3.309933804039839,Thompson-Sampling
3,4.628650209921157,Thompson-Sampling
3,4.928395470539029,Thompson-Sampling
3,5.297966115539364,Thompson-Sampling
3,4.696024542223031,Thompson-Sampling
3,2.9026171706647466,Thompson-Sampling
3,3.0315747357940834,Thompson-Sampling
3,4.000093490077317,Thompson-Sampling
3,3.2270935427565557,Thompson-Sampling
3,4.168072189815539,Thompson-Sampling
3,3.4562547353253033,Thompson-Sampling
3,4.872514967392844,Thompson-Sampling
3,4.135905588471924,Thompson-Sampling
3,3.436738135244962,Thompson-Sampling
3,3.9731641673237914,Thompson-Sampling
3,3.4617367719733436,Thompson-Sampling
3,2.907783585432919,Thompson-Sampling
3,4.187188897330037,Thompson-Sampling
3,2.6500979287670123,Thompson-Sampling
3,4.119150458972862,Thompson-Sampling
3,2.6357822305823344,Thompson-Sampling
3,5.754506010367644,Thompson-Sampling
3,4.5907358467284896,Thompson-Sampling
3,4.06606159888413,Thompson-Sampling
3,3.9865833566088407,Thompson-Sampling
3,5.117402951601056,Thompson-Sampling
3,5.530947956012962,Thompson-Sampling
3,4.432987051051113,Thompson-Sampling
3,3.705132616120062,Thompson-Sampling
3,3.026689962818098,Thompson-Sampling
3,2.344589062153571,Thompson-Sampling
3,3.768919498310688,Thompson-Sampling
3,3.612837452655852,Thompson-Sampling
3,3.808284650004509,Thompson-Sampling
3,1.9030356008159304,Thompson-Sampling
3,6.7954215631940444,Thompson-Sampling
3,3.6483324937769614,Thompson-Sampling
3,6.1196420258792035,Thompson-Sampling
3,4.76095712674435,Thompson-Sampling
3,5.080780564018795,Thompson-Sampling
3,3.997918849912243,Thompson-Sampling
3,2.90316934506954,Thompson-Sampling
3,4.3920773153871915,Thompson-Sampling
3,2.6652031308985062,Thompson-Sampling
3,4.663924555555294,Thompson-Sampling
3,2.9914387888013296,Thompson-Sampling
3,3.6044227802285684,Thompson-Sampling
3,2.970546436179345,Thompson-Sampling
3,3.706119297330694,Thompson-Sampling
3,4.780191622955045,Thompson-Sampling
3,4.60905790103205,Thompson-Sampling
3,4.946526416711249,Thompson-Sampling
3,2.705916284734503,Thompson-Sampling
3,4.087304425475234,Thompson-Sampling
3,3.826354162122187,Thompson-Sampling
3,4.673929249368125,Thompson-Sampling
3,3.240473667523322,Thompson-Sampling
3,3.923800952479937,Thompson-Sampling
3,3.8040893775755222,Thompson-Sampling
3,3.470684860016015,Thompson-Sampling
3,5.7157440608809456,Thompson-Sampling
3,3.3066300559663118,Thompson-Sampling
3,4.84220760721801,Thompson-Sampling
3,3.8978365186867157,Thompson-Sampling
3,3.4582688149553777,Thompson-Sampling
3,2.4852532447630917,Thompson-Sampling
3,4.3844965641707105,Thompson-Sampling
3,4.74858499378225,Thompson-Sampling
3,4.367296499947265,Thompson-Sampling
3,1.8739068405130168,Thompson-Sampling
3,3.839446190834322,Thompson-Sampling
3,3.982793960772638,Thompson-Sampling
3,4.238116366251411,Thompson-Sampling
3,3.292280419927567,Thompson-Sampling
3,4.548227128309816,Thompson-Sampling
3,2.762059475633615,Thompson-Sampling
3,3.8665752713238106,Thompson-Sampling
3,5.056516463808901,Thompson-Sampling
3,3.9365193740268105,Thompson-Sampling
3,6.676223094254378,Thompson-Sampling
3,3.4356748629608984,Thompson-Sampling
3,1.2380328634604187,Thompson-Sampling
3,1.4084849225441087,Thompson-Sampling
3,5.869422968111359,Thompson-Sampling
3,4.381477397615948,Thompson-Sampling
3,4.692257562687808,Thompson-Sampling
3,4.104237660033303,Thompson-Sampling
3,3.7472362138959454,Thompson-Sampling
3,4.165089271717257,Thompson-Sampling
3,3.768850115157588,Thompson-Sampling
3,2.842468430515986,Thompson-Sampling
3,6.041164236574879,Thompson-Sampling
3,5.174924687339771,Thompson-Sampling
3,4.882996603654401,Thompson-Sampling
3,4.620940626533416,Thompson-Sampling
3,4.118068426925555,Thompson-Sampling
3,3.76737500995624,Thompson-Sampling
3,3.6204278094828743,Thompson-Sampling
3,3.2631175673370487,Thompson-Sampling
3,3.7946368965628112,Thompson-Sampling
3,4.071358815735682,Thompson-Sampling
3,6.162582217371665,Thompson-Sampling
3,3.4621191711636112,Thompson-Sampling
3,4.5831664966733925,Thompson-Sampling
3,3.770240515280003,Thompson-Sampling
3,5.115075021511823,Thompson-Sampling
3,3.4141986921600336,Thompson-Sampling
3,4.5745885630086125,Thompson-Sampling
3,5.080927547778942,Thompson-Sampling
3,6.135043788567399,Thompson-Sampling
3,4.994005217634669,Thompson-Sampling
3,3.280819098711458,Thompson-Sampling
3,2.2837930868608107,Thompson-Sampling
3,3.8974774013843247,Thompson-Sampling
3,2.820743346814175,Thompson-Sampling
3,2.7951814468908305,Thompson-Sampling
3,3.9297112912311705,Thompson-Sampling
3,5.5120756852741515,Thompson-Sampling
3,2.1086009282642983,Thompson-Sampling
3,2.9607053948025355,Thompson-Sampling
3,3.8085514288521343,Thompson-Sampling
3,4.061736710536242,Thompson-Sampling
3,3.359732848628206,Thompson-Sampling
3,3.7636636710095464,Thompson-Sampling
3,4.621876934856192,Thompson-Sampling
3,2.7049408445374987,Thompson-Sampling
3,3.2838536364830646,Thompson-Sampling
3,3.3588832984980783,Thompson-Sampling
3,3.4118007595058883,Thompson-Sampling
3,4.131321430516127,Thompson-Sampling
3,2.7364398371989913,Thompson-Sampling
3,3.6540407433634723,Thompson-Sampling
3,5.36752835084511,Thompson-Sampling
3,3.22883480792812,Thompson-Sampling
3,3.940028203944428,Thompson-Sampling
3,1.8990856314569786,Thompson-Sampling
3,4.143386671388863,Thompson-Sampling
3,2.895034430432369,Thompson-Sampling
3,5.185703765744719,Thompson-Sampling
3,3.7507550199158666,Thompson-Sampling
3,2.595080975482669,Thompson-Sampling
3,3.6100569817990076,Thompson-Sampling
3,3.3565932481005696,Thompson-Sampling
3,3.6470187137401937,Thompson-Sampling
3,4.9053646063756275,Thompson-Sampling
3,3.6930630900873402,Thompson-Sampling
3,2.9909221600851774,Thompson-Sampling
3,3.8843542352595035,Thompson-Sampling
3,2.9425296312269045,Thompson-Sampling
3,3.857900796455315,Thompson-Sampling
3,4.910626154901299,Thompson-Sampling
3,3.6457925967768006,Thompson-Sampling
3,4.4946664196541875,Thompson-Sampling
3,3.1134974267638,Thompson-Sampling
3,3.632674512023173,Thompson-Sampling
3,4.701964255513973,Thompson-Sampling
3,4.3791234446276786,Thompson-Sampling
3,4.532183400105819,Thompson-Sampling
3,3.267293933473604,Thompson-Sampling
3,5.099134745801323,Thompson-Sampling
3,2.122721627042825,Thompson-Sampling
3,3.5296651557807923,Thompson-Sampling
3,1.9115073511354264,Thompson-Sampling
3,2.689040780816322,Thompson-Sampling
3,3.083957708107174,Thompson-Sampling
3,5.429046428017243,Thompson-Sampling
3,4.51265434303852,Thompson-Sampling
3,3.6008024721762792,Thompson-Sampling
3,5.1091408482970575,Thompson-Sampling
3,4.945454701247469,Thompson-Sampling
3,4.169078627033628,Thompson-Sampling
3,1.7609356580345752,Thompson-Sampling
3,2.9971550507932414,Thompson-Sampling
3,3.1002387726172476,Thompson-Sampling
3,4.593860137053152,Thompson-Sampling
3,3.61164618552786,Thompson-Sampling
3,4.732232730198,Thompson-Sampling
3,2.5133954338620423,Thompson-Sampling
3,3.216960721651552,Thompson-Sampling
3,5.762796953334303,Thompson-Sampling
3,3.434649604585921,Thompson-Sampling
3,5.197130416438027,Thompson-Sampling
3,2.974287487584165,Thompson-Sampling
3,4.384669966396965,Thompson-Sampling
3,2.7692515491619405,Thompson-Sampling
3,3.873412847413461,Thompson-Sampling
3,2.703346896173178,Thompson-Sampling
3,3.1828129796813656,Thompson-Sampling
3,1.8995687786513886,Thompson-Sampling
3,3.407260018945289,Thompson-Sampling
3,3.0592868926828225,Thompson-Sampling
3,4.517353381892779,Thompson-Sampling
3,2.803421475737996,Thompson-Sampling
3,5.673550036647847,Thompson-Sampling
3,4.6085740865182725,Thompson-Sampling
3,4.906249919530367,Thompson-Sampling
3,4.566763559466444,Thompson-Sampling
3,4.684271753821085,Thompson-Sampling
3,5.546149247780891,Thompson-Sampling
3,4.942203637660338,Thompson-Sampling
3,5.084402104235158,Thompson-Sampling
3,4.670545119805359,Thompson-Sampling
3,2.485773860615125,Thompson-Sampling
3,3.4275609824493656,Thompson-Sampling
3,4.628129052630369,Thompson-Sampling
3,3.464375427744585,Thompson-Sampling
3,3.7575385864627022,Thompson-Sampling
3,5.572375425290675,Thompson-Sampling
3,5.037495775238064,Thompson-Sampling
3,3.368144184817276,Thompson-Sampling
3,4.780282910076734,Thompson-Sampling
3,3.42863112483436,Thompson-Sampling
3,5.027250674496711,Thompson-Sampling
3,3.62158229954551,Thompson-Sampling
3,4.642830434481832,Thompson-Sampling
3,2.8291062384460313,Thompson-Sampling
3,3.0554120297795233,Thompson-Sampling
3,5.842969161259323,Thompson-Sampling
3,3.6600788971478684,Thompson-Sampling
3,2.627861871203786,Thompson-Sampling
3,5.370715394267337,Thompson-Sampling
3,4.677340425445309,Thompson-Sampling
3,4.639004298823673,Thompson-Sampling
3,6.455001190598611,Thompson-Sampling
3,2.58902845734982,Thompson-Sampling
3,3.898975384861919,Thompson-Sampling
3,1.8775725870213895,Thompson-Sampling
3,3.466124878258789,Thompson-Sampling
3,4.2804200597008375,Thompson-Sampling
3,4.111980086157851,Thompson-Sampling
3,2.0739061234005165,Thompson-Sampling
3,3.287404536343239,Thompson-Sampling
3,4.52678516437452,Thompson-Sampling
3,2.601171852269251,Thompson-Sampling
3,2.5500017530279218,Thompson-Sampling
3,2.4763282104534072,Thompson-Sampling
3,3.4288074740851506,Thompson-Sampling
3,4.167944408809679,Thompson-Sampling
3,3.6192778650298143,Thompson-Sampling
3,2.956542329121072,Thompson-Sampling
3,3.8366845300853796,Thompson-Sampling
3,4.6670763750228605,Thompson-Sampling
3,4.167342348136736,Thompson-Sampling
3,2.6978655122332573,Thompson-Sampling
3,6.84572992264706,Thompson-Sampling
3,3.8179779154015603,Thompson-Sampling
3,3.1468380169083185,Thompson-Sampling
3,4.323142843784833,Thompson-Sampling
3,2.4592798415236232,Thompson-Sampling
3,4.203890712266799,Thompson-Sampling
3,3.688084024860202,Thompson-Sampling
3,5.088159578559711,Thompson-Sampling
3,3.4529275930967778,Thompson-Sampling
3,4.771920139101503,Thompson-Sampling
3,5.079117205758509,Thompson-Sampling
3,3.852183910961992,Thompson-Sampling
3,3.4067316204560822,Thompson-Sampling
3,4.358827861832322,Thompson-Sampling
3,5.271076401014399,Thompson-Sampling
3,1.6782817694473047,Thompson-Sampling
3,4.581515686760014,Thompson-Sampling
3,4.528003528409389,Thompson-Sampling
3,4.544685488483786,Thompson-Sampling
3,4.105261471250548,Thompson-Sampling
3,6.169389957435994,Thompson-Sampling
3,4.053949822462661,Thompson-Sampling
3,4.9933386285475745,Thompson-Sampling
3,3.226012293864939,Thompson-Sampling
3,4.045111393526693,Thompson-Sampling
3,4.931686311751917,Thompson-Sampling
3,2.4410289181160536,Thompson-Sampling
3,4.722268677537373,Thompson-Sampling
3,3.1509908419410797,Thompson-Sampling
3,3.693884070421393,Thompson-Sampling
3,2.536517574036974,Thompson-Sampling
3,4.664205055827995,Thompson-Sampling
3,4.118617397978417,Thompson-Sampling
3,4.0078111280687185,Thompson-Sampling
3,1.5884231287446102,Thompson-Sampling
3,4.538164747125771,Thompson-Sampling
3,5.296454576520392,Thompson-Sampling
3,4.047983499602308,Thompson-Sampling
3,4.639554913943686,Thompson-Sampling
3,6.182809430513916,Thompson-Sampling
3,5.4110275643759245,Thompson-Sampling
3,2.8899183057157534,Thompson-Sampling
3,4.378855595498462,Thompson-Sampling
3,2.45834713373492,Thompson-Sampling
3,2.758834586632105,Thompson-Sampling
3,4.158482799764949,Thompson-Sampling
3,5.0413210269132955,Thompson-Sampling
3,4.273637552293381,Thompson-Sampling
3,4.818637878872722,Thompson-Sampling
3,3.483691938885513,Thompson-Sampling
3,5.58566380824459,Thompson-Sampling
3,5.676539190941052,Thompson-Sampling
3,5.709053603390477,Thompson-Sampling
3,5.2196268785446005,Thompson-Sampling
3,2.9759349101102766,Thompson-Sampling
3,2.368469003276655,Thompson-Sampling
3,2.9802408031126144,Thompson-Sampling
3,1.5529950842239901,Thompson-Sampling
3,4.598748087428051,Thompson-Sampling
3,3.4569482556196567,Thompson-Sampling
3,5.174941144079778,Thompson-Sampling
3,5.58571380201189,Thompson-Sampling
3,4.465649136157728,Thompson-Sampling
3,4.760384446641938,Thompson-Sampling
3,3.768522027553054,Thompson-Sampling
3,4.5207156359911975,Thompson-Sampling
3,5.045176361437306,Thompson-Sampling
3,4.597779309082531,Thompson-Sampling
3,2.6019349411543846,Thompson-Sampling
3,4.067079979707068,Thompson-Sampling
3,3.974648266199791,Thompson-Sampling
3,4.372385847620804,Thompson-Sampling
3,3.516421167022738,Thompson-Sampling
3,1.5463494531629598,Thompson-Sampling
3,4.151718811745581,Thompson-Sampling
3,4.503000783476481,Thompson-Sampling
3,3.7439240995695195,Thompson-Sampling
3,3.396877445521241,Thompson-Sampling
3,4.433421723987733,Thompson-Sampling
3,4.273614783836302,Thompson-Sampling
3,4.0404564419322435,Thompson-Sampling
3,5.5499169825919425,Thompson-Sampling
3,4.104467331460036,Thompson-Sampling
3,4.2723242209861745,Thompson-Sampling
3,3.9186970039049935,Thompson-Sampling
3,4.209456533410756,Thompson-Sampling
3,3.817661544882578,Thompson-Sampling
3,5.082074829808308,Thompson-Sampling
3,4.422803088478383,Thompson-Sampling
3,5.63393135281339,Thompson-Sampling
3,5.833094165159739,Thompson-Sampling
3,4.439958157937002,Thompson-Sampling
3,5.5074989039490525,Thompson-Sampling
3,4.775096477880998,Thompson-Sampling
3,5.45716065727515,Thompson-Sampling
3,3.2916109777681646,Thompson-Sampling
3,5.08133052581643,Thompson-Sampling
3,5.10940030569073,Thompson-Sampling
3,2.9737659591042562,Thompson-Sampling
3,2.600265496558975,Thompson-Sampling
3,5.347514075974968,Thompson-Sampling
3,1.9963323968729778,Thompson-Sampling
3,4.606662335248718,Thompson-Sampling
3,4.980530417796823,Thompson-Sampling
3,5.53944469199688,Thompson-Sampling
3,2.743604514498314,Thompson-Sampling
3,4.42922969132308,Thompson-Sampling
3,4.406963733773533,Thompson-Sampling
3,4.910789621943949,Thompson-Sampling
3,3.6465540975987825,Thompson-Sampling
3,4.285806485190146,Thompson-Sampling
3,4.4601665164209505,Thompson-Sampling
3,4.8306350086590655,Thompson-Sampling
3,5.509654960888842,Thompson-Sampling
3,5.114700385202214,Thompson-Sampling
3,6.166835980064743,Thompson-Sampling
3,4.294309125007276,Thompson-Sampling
3,5.43390958180174,Thompson-Sampling
3,4.4516886816777514,Thompson-Sampling
3,4.4310553333007645,Thompson-Sampling
3,4.006219845072516,Thompson-Sampling
3,4.894174289752521,Thompson-Sampling
3,3.680712681544512,Thompson-Sampling
3,5.028161230826731,Thompson-Sampling
3,3.337597014190714,Thompson-Sampling
3,3.163736639932617,Thompson-Sampling
3,5.086128201826764,Thompson-Sampling
3,2.4905409981086426,Thompson-Sampling
3,3.5387656541154486,Thompson-Sampling
3,2.476134185117157,Thompson-Sampling
3,4.084214591651187,Thompson-Sampling
3,6.622033562705476,Thompson-Sampling
3,3.803388076073531,Thompson-Sampling
3,4.624390753360988,Thompson-Sampling
3,4.063416106388726,Thompson-Sampling
3,4.029280220884647,Thompson-Sampling
3,4.557209488262961,Thompson-Sampling
3,3.741310881986063,Thompson-Sampling
3,3.7099978604947204,Thompson-Sampling
3,2.5000668482450115,Thompson-Sampling
3,3.539233055055521,Thompson-Sampling
3,2.660240029284146,Thompson-Sampling
3,4.537044389134487,Thompson-Sampling
3,3.083381116931989,Thompson-Sampling
3,2.1180208569171235,Thompson-Sampling
3,3.185029722352375,Thompson-Sampling
3,5.231413608207198,Thompson-Sampling
3,2.095266748711583,Thompson-Sampling
3,3.429620588926288,Thompson-Sampling
3,4.1751406917463285,Thompson-Sampling
3,4.789221287219202,Thompson-Sampling
3,3.002952931823493,Thompson-Sampling
3,5.798311819091973,Thompson-Sampling
3,4.182762455484938,Thompson-Sampling
3,3.965117028472009,Thompson-Sampling
3,5.294117531214947,Thompson-Sampling
3,4.276510349653803,Thompson-Sampling
3,3.466583910092213,Thompson-Sampling
3,4.4222200676647665,Thompson-Sampling
3,3.8791841938527503,Thompson-Sampling
3,2.005502272084227,Thompson-Sampling
3,4.346512711613409,Thompson-Sampling
3,3.2165799403013557,Thompson-Sampling
3,2.910718585310492,Thompson-Sampling
3,4.908097750739673,Thompson-Sampling
3,3.818819414992598,Thompson-Sampling
3,5.610933320730654,Thompson-Sampling
3,4.8911690577200275,Thompson-Sampling
3,5.087547882825746,Thompson-Sampling
3,5.021000686446302,Thompson-Sampling
3,4.0486116200102,Thompson-Sampling
3,2.8069674160573364,Thompson-Sampling
3,5.29586976176979,Thompson-Sampling
3,4.849772930466578,Thompson-Sampling
3,5.035125299230843,Thompson-Sampling
3,4.746552487519093,Thompson-Sampling
3,6.85760552368033,Thompson-Sampling
3,3.1511397721342744,Thompson-Sampling
3,4.8366739797700955,Thompson-Sampling
3,4.4370151913941696,Thompson-Sampling
3,4.246968454632307,Thompson-Sampling
3,4.305950081764923,Thompson-Sampling
3,5.33682925863566,Thompson-Sampling
3,3.2705251698337268,Thompson-Sampling
3,3.3093290263880433,Thompson-Sampling
3,2.877877989038374,Thompson-Sampling
3,5.6882501187459305,Thompson-Sampling
3,6.192495695488285,Thompson-Sampling
3,1.5912216379319903,Thompson-Sampling
3,2.609224577536306,Thompson-Sampling
3,4.624661103250575,Thompson-Sampling
3,4.639320624299461,Thompson-Sampling
3,4.813891625720291,Thompson-Sampling
3,4.54810967438065,Thompson-Sampling
3,3.719690463907792,Thompson-Sampling
3,6.195825500119115,Thompson-Sampling
3,3.827430887156031,Thompson-Sampling
3,3.6430580171475953,Thompson-Sampling
3,3.3323345670240476,Thompson-Sampling
3,5.674975326356217,Thompson-Sampling
3,3.7685135674513477,Thompson-Sampling
3,2.455222681152188,Thompson-Sampling
3,3.7903127965533505,Thompson-Sampling
3,3.359714191969599,Thompson-Sampling
3,2.4111053206637325,Thompson-Sampling
3,3.387312113501066,Thompson-Sampling
3,3.317105589277709,Thompson-Sampling
3,5.874425930889043,Thompson-Sampling
3,3.579001427696877,Thompson-Sampling
3,3.5092241205699715,Thompson-Sampling
3,5.029216656024537,Thompson-Sampling
3,4.384951884736484,Thompson-Sampling
3,5.263023165386006,Thompson-Sampling
3,5.047898370986894,Thompson-Sampling
3,3.6459720440070567,Thompson-Sampling
3,3.6335614541735297,Thompson-Sampling
3,3.8155856622533983,Thompson-Sampling
3,5.468985700498694,Thompson-Sampling
3,3.482762923970389,Thompson-Sampling
3,3.956833875752013,Thompson-Sampling
3,4.214052108596811,Thompson-Sampling
3,5.630218945372332,Thompson-Sampling
3,4.0741026669279305,Thompson-Sampling
3,3.4604406842173945,Thompson-Sampling
3,3.6875699266474236,Thompson-Sampling
3,3.972239422209254,Thompson-Sampling
3,3.029551879266697,Thompson-Sampling
3,3.745501463697278,Thompson-Sampling
3,3.5653136998600288,Thompson-Sampling
3,4.226549299341556,Thompson-Sampling
3,6.04548180056681,Thompson-Sampling
3,3.0951494483554454,Thompson-Sampling
3,4.319204941269123,Thompson-Sampling
3,3.860995468706844,Thompson-Sampling
3,3.952287955294652,Thompson-Sampling
3,4.321624279964272,Thompson-Sampling
3,3.044271685985255,Thompson-Sampling
3,4.313857952106963,Thompson-Sampling
3,3.4513570676221463,Thompson-Sampling
3,3.6289049665908153,Thompson-Sampling
3,3.9592321129569648,Thompson-Sampling
3,3.7551671350337177,Thompson-Sampling
3,4.10048594444493,Thompson-Sampling
3,2.97317411409753,Thompson-Sampling
3,2.7737479773070586,Thompson-Sampling
3,3.433145162207138,Thompson-Sampling
3,4.272944136888934,Thompson-Sampling
3,2.798521380665952,Thompson-Sampling
3,3.6950650848653,Thompson-Sampling
3,3.8287571675376944,Thompson-Sampling
3,5.060250570763513,Thompson-Sampling
3,4.940722630515416,Thompson-Sampling
3,2.6493617005855503,Thompson-Sampling
3,4.949213788546929,Thompson-Sampling
3,4.595013952981163,Thompson-Sampling
3,3.5846816012307414,Thompson-Sampling
3,4.758009040006379,Thompson-Sampling
3,3.876746071625899,Thompson-Sampling
3,2.882311022970879,Thompson-Sampling
3,4.230925040483598,Thompson-Sampling
3,4.758172685884518,Thompson-Sampling
3,3.322080580333263,Thompson-Sampling
3,3.89733916431675,Thompson-Sampling
3,4.351515785569189,Thompson-Sampling
3,3.5745900293005684,Thompson-Sampling
3,4.509117230222633,Thompson-Sampling
3,4.216163867092817,Thompson-Sampling
3,3.497199823341581,Thompson-Sampling
3,3.8796133131473876,Thompson-Sampling
3,3.031737159716914,Thompson-Sampling
3,5.779420289078778,Thompson-Sampling
3,5.101289104961882,Thompson-Sampling
3,4.148032980105192,Thompson-Sampling
3,5.321965694030705,Thompson-Sampling
3,4.483559677413591,Thompson-Sampling
3,3.77610495938354,Thompson-Sampling
3,3.612149881197058,Thompson-Sampling
3,4.400337620416229,Thompson-Sampling
3,3.71510383905834,Thompson-Sampling
3,4.435567657525155,Thompson-Sampling
3,4.517011264438357,Thompson-Sampling
3,4.364304037666267,Thompson-Sampling
3,3.286907402653907,Thompson-Sampling
3,1.9775490291592672,Thompson-Sampling
3,3.994728866903764,Thompson-Sampling
3,1.8203655443397366,Thompson-Sampling
3,4.338329774114876,Thompson-Sampling
3,4.4445046454938675,Thompson-Sampling
3,3.9411578015734032,Thompson-Sampling
3,5.003651341818511,Thompson-Sampling
3,3.936755722741131,Thompson-Sampling
3,4.558828720318289,Thompson-Sampling
3,6.292204109997257,Thompson-Sampling
3,3.449061796683145,Thompson-Sampling
3,3.7939303756935936,Thompson-Sampling
3,2.8267161477563323,Thompson-Sampling
3,5.22786336529853,Thompson-Sampling
3,3.006616531390219,Thompson-Sampling
3,3.7226459992375687,Thompson-Sampling
3,5.754029856921383,Thompson-Sampling
3,5.47318591495291,Thompson-Sampling
3,4.460855471145728,Thompson-Sampling
3,5.901617242148389,Thompson-Sampling
3,4.106409281347648,Thompson-Sampling
3,1.8284968740371035,Thompson-Sampling
3,3.6707472456727133,Thompson-Sampling
3,4.131172087650081,Thompson-Sampling
3,4.010526910321452,Thompson-Sampling
3,3.7962277540720573,Thompson-Sampling
3,4.010717891027022,Thompson-Sampling
3,5.1562714772233855,Thompson-Sampling
3,4.708229116798543,Thompson-Sampling
3,4.088053688108452,Thompson-Sampling
3,5.524365388195463,Thompson-Sampling
3,3.4341190969520277,Thompson-Sampling
3,3.25366844125824,Thompson-Sampling
3,3.6212601850173307,Thompson-Sampling
3,3.4119137126402492,Thompson-Sampling
3,3.4786124769103677,Thompson-Sampling
3,2.4084167722256566,Thompson-Sampling
3,3.2451769894977183,Thompson-Sampling
3,3.0205034683150673,Thompson-Sampling
3,3.243639207845758,Thompson-Sampling
3,4.64806452229711,Thompson-Sampling
3,4.0916552134439765,Thompson-Sampling
3,3.8080621490798023,Thompson-Sampling
3,4.01799472129675,Thompson-Sampling
3,4.028490880893887,Thompson-Sampling
3,2.9230438172696216,Thompson-Sampling
3,4.280904306832428,Thompson-Sampling
3,4.387244623371416,Thompson-Sampling
3,2.893540582196449,Thompson-Sampling
3,4.660195284025911,Thompson-Sampling
3,2.3159750695998618,Thompson-Sampling
3,4.304035896118519,Thompson-Sampling
3,4.402160440594066,Thompson-Sampling
3,4.229768200355291,Thompson-Sampling
3,3.7476553102008454,Thompson-Sampling
3,3.861787143254518,Thompson-Sampling
3,5.351847798156589,Thompson-Sampling
3,4.3013732489487015,Thompson-Sampling
3,3.4865345259787714,Thompson-Sampling
3,3.8517691055942147,Thompson-Sampling
3,3.298036625786271,Thompson-Sampling
3,4.32839802849636,Thompson-Sampling
3,4.2181514587236135,Thompson-Sampling
3,5.2929736673833965,Thompson-Sampling
3,5.85010193313722,Thompson-Sampling
3,5.4498750801054605,Thompson-Sampling
3,4.725019045943181,Thompson-Sampling
3,3.366256881715657,Thompson-Sampling
3,5.0574790848133375,Thompson-Sampling
3,4.564443744744963,Thompson-Sampling
3,3.0761233720069416,Thompson-Sampling
3,4.586197430257291,Thompson-Sampling
3,2.126912468253704,Thompson-Sampling
3,1.4002710687276712,Thompson-Sampling
3,3.523953760482763,Thompson-Sampling
3,3.6041538055309297,Thompson-Sampling
3,4.685776508148734,Thompson-Sampling
3,5.037330411433123,Thompson-Sampling
3,4.17009175066796,Thompson-Sampling
3,3.8265907596923525,Thompson-Sampling
3,4.594614786152763,Thompson-Sampling
3,3.322766724811418,Thompson-Sampling
3,2.124719809115687,Thompson-Sampling
3,4.104405693097126,Thompson-Sampling
3,4.2618023680734805,Thompson-Sampling
3,5.095226431944326,Thompson-Sampling
3,5.443251608384703,Thompson-Sampling
3,5.143127568422234,Thompson-Sampling
3,4.0577294091080685,Thompson-Sampling
3,4.6440537471855565,Thompson-Sampling
3,4.139870506088014,Thompson-Sampling
3,3.916959612053143,Thompson-Sampling
3,4.411673113025084,Thompson-Sampling
3,3.6014171354874236,Thompson-Sampling
3,5.281252118495143,Thompson-Sampling
3,5.197306279684808,Thompson-Sampling
3,3.141801618703305,Thompson-Sampling
3,3.3036635812585184,Thompson-Sampling
3,5.003985119901621,Thompson-Sampling
3,5.168621083166611,Thompson-Sampling
3,3.7783572214528567,Thompson-Sampling
3,3.6848653519534285,Thompson-Sampling
3,4.873474178036117,Thompson-Sampling
3,3.3575156347145256,Thompson-Sampling
3,4.147382269877751,Thompson-Sampling
3,3.485027042551298,Thompson-Sampling
3,3.8866803877055576,Thompson-Sampling
3,2.9803290707898733,Thompson-Sampling
3,5.2869181895331,Thompson-Sampling
3,3.672143778042595,Thompson-Sampling
3,3.5572592152243354,Thompson-Sampling
3,5.08467150547008,Thompson-Sampling
3,4.895990245687105,Thompson-Sampling
3,3.173130300516356,Thompson-Sampling
3,4.8428325011997035,Thompson-Sampling
3,5.024016629450718,Thompson-Sampling
3,3.428107951808285,Thompson-Sampling
3,5.048111481323926,Thompson-Sampling
3,2.981656095962798,Thompson-Sampling
3,6.688018497341712,Thompson-Sampling
3,4.836277071992774,Thompson-Sampling
3,5.281805181773518,Thompson-Sampling
3,4.597133809823422,Thompson-Sampling
3,3.0318889313626336,Thompson-Sampling
3,4.04120268629672,Thompson-Sampling
3,3.552960929984768,Thompson-Sampling
3,3.6439315465930284,Thompson-Sampling
3,4.9509493645068465,Thompson-Sampling
3,4.8910781281645,Thompson-Sampling
3,3.995470948281683,Thompson-Sampling
3,4.125923201365067,Thompson-Sampling
3,3.6775045195059772,Thompson-Sampling
3,1.9885511706515189,Thompson-Sampling
3,4.376723310372706,Thompson-Sampling
3,3.795082800843803,Thompson-Sampling
3,4.874044406129699,Thompson-Sampling
3,5.029976227166891,Thompson-Sampling
3,3.8716243309301523,Thompson-Sampling
3,2.5413429525288067,Thompson-Sampling
3,4.3918330844562234,Thompson-Sampling
3,2.857503227312325,Thompson-Sampling
3,5.094244855849367,Thompson-Sampling
3,4.895242225047269,Thompson-Sampling
3,4.959967660100357,Thompson-Sampling
3,4.007118224136273,Thompson-Sampling
3,3.4124435760625156,Thompson-Sampling
3,3.5730790764791465,Thompson-Sampling
3,4.90116205894946,Thompson-Sampling
3,5.6851440863194185,Thompson-Sampling
3,5.8428935947401826,Thompson-Sampling
3,2.5681269752341773,Thompson-Sampling
3,4.348228214275267,Thompson-Sampling
3,4.732977270587339,Thompson-Sampling
3,3.6802438620694575,Thompson-Sampling
3,4.708348396562196,Thompson-Sampling
3,3.6889928136633587,Thompson-Sampling
3,2.954141361399613,Thompson-Sampling
3,4.767324655596748,Thompson-Sampling
3,4.5901132882201425,Thompson-Sampling
3,4.8671776540853395,Thompson-Sampling
3,4.5415686804272415,Thompson-Sampling
3,5.700325855453996,Thompson-Sampling
3,5.223710377955014,Thompson-Sampling
3,3.81039042743781,Thompson-Sampling
3,4.457741971463762,Thompson-Sampling
3,3.5305892715013276,Thompson-Sampling
3,3.6341121910842156,Thompson-Sampling
3,3.347554147090615,Thompson-Sampling
3,4.128103701139155,Thompson-Sampling
3,3.9754336758110513,Thompson-Sampling
3,5.239393145692535,Thompson-Sampling
3,5.238736836309119,Thompson-Sampling
3,5.466999224336028,Thompson-Sampling
3,5.189010585342692,Thompson-Sampling
3,2.7946669709289154,Thompson-Sampling
3,3.882194412728863,Thompson-Sampling
3,1.7233087829680693,Thompson-Sampling
3,4.198154770654769,Thompson-Sampling
3,3.4339742698152165,Thompson-Sampling
3,5.34596591189082,Thompson-Sampling
3,2.466602964834476,Thompson-Sampling
3,4.99358384151247,Thompson-Sampling
3,3.6084868303755484,Thompson-Sampling
3,3.404498804379347,Thompson-Sampling
3,4.7777489899203935,Thompson-Sampling
3,2.8620942406826866,Thompson-Sampling
3,1.6633136599842984,Thompson-Sampling
3,4.14352477356516,Thompson-Sampling
3,4.470692610653509,Thompson-Sampling
3,5.3576767672169865,Thompson-Sampling
3,4.781215996218687,Thompson-Sampling
3,5.1058165273724745,Thompson-Sampling
3,3.841161315763997,Thompson-Sampling
3,3.9769785361613517,Thompson-Sampling
3,4.534710473405018,Thompson-Sampling
3,5.450598593412719,Thompson-Sampling
3,3.824834335978877,Thompson-Sampling
3,5.00086194688191,Thompson-Sampling
3,4.061203042218347,Thompson-Sampling
3,5.230144609537267,Thompson-Sampling
3,4.529581718780496,Thompson-Sampling
3,3.722915384020163,Thompson-Sampling
3,5.193681927178383,Thompson-Sampling
3,5.874365667759381,Thompson-Sampling
3,4.02447579865468,Thompson-Sampling
3,5.178646805745181,Thompson-Sampling
3,5.055143553799256,Thompson-Sampling
3,4.288093875757524,Thompson-Sampling
3,5.61672502067775,Thompson-Sampling
3,3.874222395128617,Thompson-Sampling
3,3.15755614068671,Thompson-Sampling
3,2.111666421852065,Thompson-Sampling
3,4.430307522929474,Thompson-Sampling
3,5.911176809206118,Thompson-Sampling
3,5.623054955459304,Thompson-Sampling
3,4.709664638766754,Thompson-Sampling
3,1.7197394551099028,Thompson-Sampling
3,3.5323999645944095,Thompson-Sampling
3,3.7734749531151217,Thompson-Sampling
3,2.3190730598075695,Thompson-Sampling
3,2.9078197659063347,Thompson-Sampling
3,2.5404327998146394,Thompson-Sampling
3,4.231592368955356,Thompson-Sampling
3,4.9265111015789245,Thompson-Sampling
3,5.168979067323699,Thompson-Sampling
3,4.75037417252634,Thompson-Sampling
3,2.732208889559682,Thompson-Sampling
3,3.7011058137245403,Thompson-Sampling
3,2.5400409461279763,Thompson-Sampling
3,3.0318100042797598,Thompson-Sampling
3,4.3051652469237975,Thompson-Sampling
3,4.839787326497335,Thompson-Sampling
3,3.9364493051323532,Thompson-Sampling
3,3.615834255008391,Thompson-Sampling
3,5.367725296638374,Thompson-Sampling
3,3.520185432635977,Thompson-Sampling
3,6.130470502198004,Thompson-Sampling
3,3.6624680725610714,Thompson-Sampling
3,3.360810187794126,Thompson-Sampling
3,2.8125875680440684,Thompson-Sampling
3,3.8252911439769566,Thompson-Sampling
3,4.167991108836497,Thompson-Sampling
3,4.044422009435074,Thompson-Sampling
3,4.483540994457789,Thompson-Sampling
3,3.550535599318289,Thompson-Sampling
3,2.837079675522813,Thompson-Sampling
3,3.379263949676951,Thompson-Sampling
3,3.2788839072736415,Thompson-Sampling
3,3.9744450827563007,Thompson-Sampling
3,4.8178127240676805,Thompson-Sampling
3,2.702426296642936,Thompson-Sampling
3,4.021736122011829,Thompson-Sampling
3,4.178674979448277,Thompson-Sampling
3,3.491348478329083,Thompson-Sampling
3,2.3797088238701622,Thompson-Sampling
3,3.9239971911463174,Thompson-Sampling
3,3.839498433373483,Thompson-Sampling
3,2.6247157691179073,Thompson-Sampling
3,2.7824988778370945,Thompson-Sampling
3,2.488647481101932,Thompson-Sampling
3,3.1336818246277973,Thompson-Sampling
3,3.864386202415489,Thompson-Sampling
3,5.430600141823792,Thompson-Sampling
3,4.559491113433632,Thompson-Sampling
3,2.136939203842054,Thompson-Sampling
3,4.488068476936148,Thompson-Sampling
3,5.713056192085367,Thompson-Sampling
3,3.2827096258035353,Thompson-Sampling
3,2.6957514603326054,Thompson-Sampling
3,3.729216047997088,Thompson-Sampling
3,3.396984137182611,Thompson-Sampling
3,4.241298785253773,Thompson-Sampling
3,4.002988834253995,Thompson-Sampling
3,4.154734339947221,Thompson-Sampling
3,4.249881142600663,Thompson-Sampling
3,3.9188645873062837,Thompson-Sampling
3,2.8789424301977284,Thompson-Sampling
3,4.164827133738915,Thompson-Sampling
3,5.087401144969817,Thompson-Sampling
3,4.743964219786699,Thompson-Sampling
3,5.237492564775893,Thompson-Sampling
3,4.602914898651284,Thompson-Sampling
3,5.2351942054472165,Thompson-Sampling
3,3.928034822234861,Thompson-Sampling
3,2.8617236553215823,Thompson-Sampling
3,5.074954712433819,Thompson-Sampling
3,4.2856670456288715,Thompson-Sampling
3,3.3398470404970944,Thompson-Sampling
3,4.862402492613185,Thompson-Sampling
3,3.689577772848736,Thompson-Sampling
3,4.329127065650039,Thompson-Sampling
3,4.893974593177187,Thompson-Sampling
3,4.189923139233328,Thompson-Sampling
3,3.5302779858550566,Thompson-Sampling
3,5.020521033396381,Thompson-Sampling
3,2.6237857285987927,Thompson-Sampling
3,3.5888714538730686,Thompson-Sampling
3,3.7825886130913946,Thompson-Sampling
3,4.499339559881547,Thompson-Sampling
3,4.910299071119436,Thompson-Sampling
3,4.2213807542715225,Thompson-Sampling
3,2.180288561187452,Thompson-Sampling
3,3.2284949655891966,Thompson-Sampling
3,4.972080071201632,Thompson-Sampling
3,4.331532444343592,Thompson-Sampling
3,3.6759855330091926,Thompson-Sampling
3,4.743295023147466,Thompson-Sampling
3,2.7871103504250736,Thompson-Sampling
3,3.604060213231469,Thompson-Sampling
3,5.157130295598346,Thompson-Sampling
3,3.9855447918065656,Thompson-Sampling
3,5.531137173783534,Thompson-Sampling
3,4.19466488250978,Thompson-Sampling
3,2.3750385989908045,Thompson-Sampling
3,3.4628556541169533,Thompson-Sampling
3,4.240124076928583,Thompson-Sampling
3,3.085696535918245,Thompson-Sampling
3,1.693883941672003,Thompson-Sampling
3,5.180469289585307,Thompson-Sampling
3,4.973165443665014,Thompson-Sampling
3,3.688441106895331,Thompson-Sampling
3,3.807060696422812,Thompson-Sampling
3,3.727218554032996,Thompson-Sampling
3,3.7644274675894094,Thompson-Sampling
3,4.721161106626257,Thompson-Sampling
3,3.4342095931936667,Thompson-Sampling
3,5.162848787542564,Thompson-Sampling
3,3.2975043215552597,Thompson-Sampling
3,5.700818839909221,Thompson-Sampling
3,5.235638105896822,Thompson-Sampling
3,5.1580806003220445,Thompson-Sampling
3,3.5650858499551323,Thompson-Sampling
3,4.0668864297137635,Thompson-Sampling
3,5.523579175576155,Thompson-Sampling
3,3.9373680482398794,Thompson-Sampling
3,5.351596164513499,Thompson-Sampling
3,6.001322596380435,Thompson-Sampling
3,5.301052901288033,Thompson-Sampling
3,3.9121733207224874,Thompson-Sampling
3,2.6735838058988595,Thompson-Sampling
3,1.9008826551516251,Thompson-Sampling
3,3.9681108798615647,Thompson-Sampling
3,4.122386370274754,Thompson-Sampling
3,5.221918461232259,Thompson-Sampling
3,4.377661390853074,Thompson-Sampling
3,4.211651919855252,Thompson-Sampling
3,3.2095169708314977,Thompson-Sampling
3,4.232763953337089,Thompson-Sampling
3,4.3217635023901435,Thompson-Sampling
3,3.5760659533297425,Thompson-Sampling
3,6.360029725629651,Thompson-Sampling
3,4.458383944012367,Thompson-Sampling
3,6.203291301486533,Thompson-Sampling
3,3.91861644782852,Thompson-Sampling
3,5.233500894193733,Thompson-Sampling
3,5.779554026523104,Thompson-Sampling
3,5.341197540767147,Thompson-Sampling
3,2.8440003110116754,Thompson-Sampling
3,5.179639786006148,Thompson-Sampling
3,5.974869467618599,Thompson-Sampling
3,3.513304540343215,Thompson-Sampling
3,3.4962573877752616,Thompson-Sampling
3,3.9448216014937474,Thompson-Sampling
3,4.207906924434975,Thompson-Sampling
3,3.5881486244514837,Thompson-Sampling
3,5.05992851062532,Thompson-Sampling
3,4.96915690953932,Thompson-Sampling
3,4.787411354184119,Thompson-Sampling
3,3.9814180659515896,Thompson-Sampling
3,4.259756599965519,Thompson-Sampling
3,2.055674578817589,Thompson-Sampling
3,3.086115049908815,Thompson-Sampling
3,3.590444644753667,Thompson-Sampling
3,3.022750642634837,Thompson-Sampling
3,4.435822405430457,Thompson-Sampling
3,4.014939918925414,Thompson-Sampling
3,2.803525964380753,Thompson-Sampling
3,4.424683428928274,Thompson-Sampling
3,4.378374106398208,Thompson-Sampling
3,3.9446580581386597,Thompson-Sampling
3,5.221402492326812,Thompson-Sampling
3,5.917739717945374,Thompson-Sampling
3,3.4487000906377165,Thompson-Sampling
3,2.8951812105444263,Thompson-Sampling
3,5.008530941577583,Thompson-Sampling
3,2.7006964043364388,Thompson-Sampling
3,4.468757651898905,Thompson-Sampling
3,3.450772692959421,Thompson-Sampling
3,4.238331386419071,Thompson-Sampling
3,1.3794878398022647,Thompson-Sampling
3,2.7560716959992106,Thompson-Sampling
3,3.727450062563306,Thompson-Sampling
3,3.614994331419561,Thompson-Sampling
3,2.1074633070038082,Thompson-Sampling
3,4.618687821121087,Thompson-Sampling
3,4.325749704086919,Thompson-Sampling
3,3.995052605445633,Thompson-Sampling
3,3.774789248099404,Thompson-Sampling
3,3.9059998442814168,Thompson-Sampling
3,5.212912463795139,Thompson-Sampling
3,2.4546747973570584,Thompson-Sampling
3,3.78405709370619,Thompson-Sampling
3,3.7658068328302274,Thompson-Sampling
3,1.848170356787905,Thompson-Sampling
3,4.147687266817322,Thompson-Sampling
3,4.040867395722599,Thompson-Sampling
3,5.069581185005509,Thompson-Sampling
3,3.818035078466893,Thompson-Sampling
3,4.130074732239162,Thompson-Sampling
3,3.944736687488682,Thompson-Sampling
3,1.9939563188034102,Thompson-Sampling
3,3.689515162164638,Thompson-Sampling
3,3.7819039440287034,Thompson-Sampling
3,4.033305738464435,Thompson-Sampling
3,4.097005690307685,Thompson-Sampling
3,4.5728863942348905,Thompson-Sampling
3,2.2695040443887224,Thompson-Sampling
3,4.121069180424963,Thompson-Sampling
3,4.519104447827247,Thompson-Sampling
3,4.268539183550381,Thompson-Sampling
3,3.700188996162344,Thompson-Sampling
3,3.72296856957274,Thompson-Sampling
3,3.735473782875954,Thompson-Sampling
3,2.674512121019209,Thompson-Sampling
3,4.313704770435116,Thompson-Sampling
3,4.081327344327854,Thompson-Sampling
3,3.3752163392914296,Thompson-Sampling
3,4.939817442435034,Thompson-Sampling
3,4.076254563685986,Thompson-Sampling
3,5.139204928246071,Thompson-Sampling
3,5.23799903367659,Thompson-Sampling
3,3.3531040172810314,Thompson-Sampling
3,4.129804841149127,Thompson-Sampling
3,3.488423216115813,Thompson-Sampling
3,3.7835300273218975,Thompson-Sampling
3,4.515126156399261,Thompson-Sampling
3,3.601126291452445,Thompson-Sampling
3,3.9160246195804187,Thompson-Sampling
3,1.4946408570862957,Thompson-Sampling
3,3.9568416046040173,Thompson-Sampling
3,4.514306512513565,Thompson-Sampling
3,4.857129830167894,Thompson-Sampling
3,2.8580087521572852,Thompson-Sampling
3,4.748672494677994,Thompson-Sampling
3,3.7656203104623627,Thompson-Sampling
3,3.751635520376489,Thompson-Sampling
3,3.9590929317029118,Thompson-Sampling
3,4.34964271098062,Thompson-Sampling
3,4.261150298358583,Thompson-Sampling
3,3.2228344017733073,Thompson-Sampling
3,4.680976704884336,Thompson-Sampling
3,4.801723890375278,Thompson-Sampling
3,2.5366103517134615,Thompson-Sampling
3,3.94824500751906,Thompson-Sampling
3,4.452933679041798,Thompson-Sampling
3,2.638114345947157,Thompson-Sampling
3,3.7795015064298436,Thompson-Sampling
3,4.480817702426176,Thompson-Sampling
3,3.708034454313375,Thompson-Sampling
3,7.282027318641864,Thompson-Sampling
3,4.321403281602031,Thompson-Sampling
3,4.347013770684068,Thompson-Sampling
3,2.2884925371210816,Thompson-Sampling
3,2.61716145579797,Thompson-Sampling
3,4.722935572206491,Thompson-Sampling
3,4.284267806705438,Thompson-Sampling
3,5.728201536383747,Thompson-Sampling
3,2.4425482444375985,Thompson-Sampling
3,4.381717186257373,Thompson-Sampling
3,2.6203050870403426,Thompson-Sampling
3,3.132982739193166,Thompson-Sampling
3,4.174809157308439,Thompson-Sampling
3,2.8884329539926434,Thompson-Sampling
3,3.1246250097615036,Thompson-Sampling
3,3.0503133256688244,Thompson-Sampling
3,3.837075309816207,Thompson-Sampling
3,5.076784321491032,Thompson-Sampling
3,3.6522843558498645,Thompson-Sampling
3,2.977881912029454,Thompson-Sampling
3,4.582248788046508,Thompson-Sampling
3,4.238291881317759,Thompson-Sampling
3,4.201572986040569,Thompson-Sampling
3,4.751735565811031,Thompson-Sampling
3,3.9335975141270705,Thompson-Sampling
3,3.3871414287833654,Thompson-Sampling
3,4.528060321105155,Thompson-Sampling
3,3.5670568045217905,Thompson-Sampling
3,4.072669634580672,Thompson-Sampling
3,4.893938833506242,Thompson-Sampling
3,2.4449391652114927,Thompson-Sampling
3,4.307431898939255,Thompson-Sampling
3,3.9636072278859658,Thompson-Sampling
3,4.156573067683625,Thompson-Sampling
3,4.4220994128537106,Thompson-Sampling
3,3.0499003538943605,Thompson-Sampling
3,4.088316293308363,Thompson-Sampling
3,3.6953735693853265,Thompson-Sampling
3,3.872552827125641,Thompson-Sampling
3,2.983474338908583,Thompson-Sampling
3,4.226898180045744,Thompson-Sampling
3,4.153815805768626,Thompson-Sampling
3,3.544050949000771,Thompson-Sampling
3,3.108605045631642,Thompson-Sampling
3,3.763414744581715,Thompson-Sampling
3,4.166318393108848,Thompson-Sampling
3,4.916834140265368,Thompson-Sampling
3,3.5525325115602797,Thompson-Sampling
3,3.315394172459632,Thompson-Sampling
3,3.9695013674706767,Thompson-Sampling
3,3.710824171275051,Thompson-Sampling
3,3.3213290629491086,Thompson-Sampling
3,2.5179441980076342,Thompson-Sampling
3,3.6723746456522406,Thompson-Sampling
3,4.430240071548512,Thompson-Sampling
3,2.8843330471981696,Thompson-Sampling
3,4.559941208600252,Thompson-Sampling
3,3.9328893333230193,Thompson-Sampling
3,4.12861575830294,Thompson-Sampling
3,2.8331845559509796,Thompson-Sampling
3,3.3740779277978294,Thompson-Sampling
3,5.040241066858751,Thompson-Sampling
3,5.763488180683228,Thompson-Sampling
3,5.516710841364939,Thompson-Sampling
3,4.250181178535404,Thompson-Sampling
3,2.927980458596047,Thompson-Sampling
3,3.730166875875894,Thompson-Sampling
3,4.854733458819744,Thompson-Sampling
3,5.747364830386827,Thompson-Sampling
3,5.039693261275843,Thompson-Sampling
3,2.875833931010034,Thompson-Sampling
3,3.6078587113112692,Thompson-Sampling
3,5.046930313261797,Thompson-Sampling
3,6.758411987200786,Thompson-Sampling
3,3.8288726830375075,Thompson-Sampling
3,4.4013246272940725,Thompson-Sampling
3,2.1373507404261436,Thompson-Sampling
3,3.2704361523496583,Thompson-Sampling
3,5.867557624004045,Thompson-Sampling
3,4.831568989393025,Thompson-Sampling
3,4.298783501582883,Thompson-Sampling
3,3.391891128564702,Thompson-Sampling
3,3.4389768358766695,Thompson-Sampling
3,4.447625909418033,Thompson-Sampling
3,4.319434769828932,Thompson-Sampling
3,3.887265554666388,Thompson-Sampling
3,3.9279344316262352,Thompson-Sampling
3,4.4053603550961675,Thompson-Sampling
3,3.7058843374235186,Thompson-Sampling
3,6.430362281362851,Thompson-Sampling
3,5.57398632400374,Thompson-Sampling
3,5.041461188371979,Thompson-Sampling
3,3.2951573050970477,Thompson-Sampling
3,4.797550476521045,Thompson-Sampling
3,3.876098250710744,Thompson-Sampling
3,2.655819286225374,Thompson-Sampling
3,2.322973564316136,Thompson-Sampling
3,5.083508170542496,Thompson-Sampling
3,4.174778374633241,Thompson-Sampling
3,5.9429125936041185,Thompson-Sampling
3,1.4372224139688692,Thompson-Sampling
3,2.9314093831663595,Thompson-Sampling
3,5.226392553207611,Thompson-Sampling
3,3.684807840456859,Thompson-Sampling
3,4.586394180696454,Thompson-Sampling
3,6.091024217253119,Thompson-Sampling
3,5.291468148758428,Thompson-Sampling
3,4.612239387769935,Thompson-Sampling
3,3.890261754186127,Thompson-Sampling
3,4.460465616730341,Thompson-Sampling
3,3.5424296434098057,Thompson-Sampling
3,3.881230274904966,Thompson-Sampling
3,4.682611093915222,Thompson-Sampling
3,5.5255503788243505,Thompson-Sampling
3,4.486932516731149,Thompson-Sampling
3,3.3081501018310253,Thompson-Sampling
3,4.010671929182211,Thompson-Sampling
3,4.754453657474514,Thompson-Sampling
3,4.484577132122799,Thompson-Sampling
3,4.3367657751726485,Thompson-Sampling
3,3.342891328046858,Thompson-Sampling
3,4.551984876152053,Thompson-Sampling
3,4.583147927091716,Thompson-Sampling
3,4.696385493000271,Thompson-Sampling
3,4.533768694239939,Thompson-Sampling
3,4.569772879303832,Thompson-Sampling
3,3.5338336558261796,Thompson-Sampling
3,3.347435489208807,Thompson-Sampling
3,6.3416438854491535,Thompson-Sampling
3,4.322114632048656,Thompson-Sampling
3,6.2153697486123,Thompson-Sampling
3,4.744340194000452,Thompson-Sampling
3,3.4883714180289713,Thompson-Sampling
3,5.119161514243455,Thompson-Sampling
3,5.166034326320432,Thompson-Sampling
3,4.202620972434631,Thompson-Sampling
3,2.2931851210997456,Thompson-Sampling
3,6.45963745007017,Thompson-Sampling
3,2.6682060901435674,Thompson-Sampling
3,3.466438977224213,Thompson-Sampling
3,4.617893899967564,Thompson-Sampling
3,2.9727262220059467,Thompson-Sampling
3,5.258803013024809,Thompson-Sampling
3,3.1384078321805244,Thompson-Sampling
3,3.5200723708661705,Thompson-Sampling
3,3.8405868622059636,Thompson-Sampling
3,4.664931370298274,Thompson-Sampling
3,2.060801173647303,Thompson-Sampling
3,1.7950615512038115,Thompson-Sampling
3,4.286419251780698,Thompson-Sampling
3,6.876265103563947,Thompson-Sampling
3,3.9741036959269174,Thompson-Sampling
3,5.07261109696951,Thompson-Sampling
3,2.903682074280442,Thompson-Sampling
3,4.083923652193823,Thompson-Sampling
3,4.1402735272132105,Thompson-Sampling
3,5.406857812711028,Thompson-Sampling
3,5.203316231091861,Thompson-Sampling
3,3.779900949424287,Thompson-Sampling
3,4.315323608121353,Thompson-Sampling
3,3.5982576753410602,Thompson-Sampling
3,3.2867275251867034,Thompson-Sampling
3,3.2390299647897147,Thompson-Sampling
3,4.257876765593658,Thompson-Sampling
3,4.90198197915438,Thompson-Sampling
3,1.2532038720972216,Thompson-Sampling
3,5.461584556645633,Thompson-Sampling
3,5.243100395300871,Thompson-Sampling
3,3.977977560748106,Thompson-Sampling
3,4.92715900297614,Thompson-Sampling
3,3.3382475339176727,Thompson-Sampling
3,2.4465712648717783,Thompson-Sampling
3,4.642692329329377,Thompson-Sampling
3,4.4258965892105175,Thompson-Sampling
3,5.588450588065319,Thompson-Sampling
3,4.563559906633534,Thompson-Sampling
3,3.196823040684207,Thompson-Sampling
3,3.968390831909988,Thompson-Sampling
3,4.553461798195138,Thompson-Sampling
3,4.760915653560128,Thompson-Sampling
3,4.165161882195078,Thompson-Sampling
3,5.088463247536046,Thompson-Sampling
3,3.307101738385705,Thompson-Sampling
3,3.5554330734701045,Thompson-Sampling
3,2.3280095727720935,Thompson-Sampling
3,5.664358542788799,Thompson-Sampling
3,4.049902166291475,Thompson-Sampling
3,4.158753927668061,Thompson-Sampling
3,4.813003832891131,Thompson-Sampling
3,4.531589595609798,Thompson-Sampling
3,4.762949343108589,Thompson-Sampling
3,2.7119045321707786,Thompson-Sampling
3,3.5312482623390284,Thompson-Sampling
3,3.4103040567667713,Thompson-Sampling
3,3.2228128241501914,Thompson-Sampling
3,3.8459787270998085,Thompson-Sampling
3,3.921359948048757,Thompson-Sampling
3,3.6123358016866898,Thompson-Sampling
3,4.964050285278853,Thompson-Sampling
3,3.424012936405244,Thompson-Sampling
3,4.650535568870937,Thompson-Sampling
3,3.4749946957217173,Thompson-Sampling
3,2.954642789995005,Thompson-Sampling
3,4.028822420674135,Thompson-Sampling
3,3.106897253742134,Thompson-Sampling
3,5.2095398397888095,Thompson-Sampling
3,2.7363242687945055,Thompson-Sampling
3,4.933933292214842,Thompson-Sampling
3,4.794903462384625,Thompson-Sampling
3,4.849712197359879,Thompson-Sampling
3,3.0119642454184175,Thompson-Sampling
3,4.492590670891864,Thompson-Sampling
3,4.373451128394663,Thompson-Sampling
3,4.987418610629373,Thompson-Sampling
3,3.6636842558389664,Thompson-Sampling
3,4.838860607142973,Thompson-Sampling
3,3.5767909162334055,Thompson-Sampling
3,3.609271566398788,Thompson-Sampling
3,4.378509470058552,Thompson-Sampling
3,3.357974479833544,Thompson-Sampling
3,3.926976758002049,Thompson-Sampling
3,5.668846069787294,Thompson-Sampling
3,4.392787444708638,Thompson-Sampling
3,5.017608149176866,Thompson-Sampling
3,3.5191658719920813,Thompson-Sampling
3,3.750271910191905,Thompson-Sampling
3,3.3349521864499883,Thompson-Sampling
3,5.5248285216555955,Thompson-Sampling
3,3.2548789599611476,Thompson-Sampling
3,2.6592508461109006,Thompson-Sampling
3,4.153790306055535,Thompson-Sampling
3,5.080939280677807,Thompson-Sampling
3,3.4159725118689623,Thompson-Sampling
3,4.902543160410921,Thompson-Sampling
3,3.3631899500154674,Thompson-Sampling
3,4.45487367068504,Thompson-Sampling
3,2.417805173335098,Thompson-Sampling
3,3.33736097028181,Thompson-Sampling
3,4.1399899417514625,Thompson-Sampling
3,3.155324674010908,Thompson-Sampling
3,4.179670648672991,Thompson-Sampling
3,4.366217585051837,Thompson-Sampling
3,2.760767854251013,Thompson-Sampling
3,3.3005879080581044,Thompson-Sampling
3,3.8977366537724745,Thompson-Sampling
3,4.889209108833544,Thompson-Sampling
3,4.02521482054396,Thompson-Sampling
3,4.401259292472779,Thompson-Sampling
3,2.955395185745206,Thompson-Sampling
3,6.193808690355521,Thompson-Sampling
3,4.575838006495747,Thompson-Sampling
3,2.690822875126651,Thompson-Sampling
3,4.258209625333635,Thompson-Sampling
3,4.109911087900925,Thompson-Sampling
3,2.7961155384716774,Thompson-Sampling
3,3.9276955614036133,Thompson-Sampling
3,3.9728902089600693,Thompson-Sampling
3,3.3820011092128475,Thompson-Sampling
3,4.10418955156003,Thompson-Sampling
3,5.794013564347372,Thompson-Sampling
3,3.8737634940851615,Thompson-Sampling
3,5.503009613470104,Thompson-Sampling
3,4.683986994862156,Thompson-Sampling
3,5.050303119348817,Thompson-Sampling
3,3.806144524849359,Thompson-Sampling
3,2.9586477107995375,Thompson-Sampling
3,5.42470356802458,Thompson-Sampling
3,4.037618898615131,Thompson-Sampling
3,4.569105105824475,Thompson-Sampling
3,5.398753609069021,Thompson-Sampling
3,5.222371898330416,Thompson-Sampling
3,5.00661452734415,Thompson-Sampling
3,4.282073821002211,Thompson-Sampling
3,4.254328410278957,Thompson-Sampling
3,3.5114033644245812,Thompson-Sampling
3,3.1302489099295703,Thompson-Sampling
3,4.572589304677716,Thompson-Sampling
3,4.251638281081186,Thompson-Sampling
3,4.203650818692331,Thompson-Sampling
3,2.9938201837163203,Thompson-Sampling
3,4.500072866596915,Thompson-Sampling
3,4.375370118448427,Thompson-Sampling
3,4.029542638507701,Thompson-Sampling
3,2.3401972478773923,Thompson-Sampling
3,3.9642285804561115,Thompson-Sampling
3,4.325324716396864,Thompson-Sampling
3,4.520458066386826,Thompson-Sampling
3,4.255923414098059,Thompson-Sampling
3,2.0904925905578153,Thompson-Sampling
3,4.433200669973033,Thompson-Sampling
3,4.541425420010938,Thompson-Sampling
3,3.79204536873542,Thompson-Sampling
3,2.9327157645852533,Thompson-Sampling
3,4.080159453857438,Thompson-Sampling
3,5.146068842176064,Thompson-Sampling
3,4.341802379437546,Thompson-Sampling
3,4.7675634352813,Thompson-Sampling
3,3.2987769715329476,Thompson-Sampling
3,4.055480677893984,Thompson-Sampling
3,3.657867358443746,Thompson-Sampling
3,5.651379007284859,Thompson-Sampling
3,2.46372840241233,Thompson-Sampling
3,4.591629756310413,Thompson-Sampling
3,2.146030126990686,Thompson-Sampling
3,2.900095880048097,Thompson-Sampling
3,3.153871560396291,Thompson-Sampling
3,2.8240515467233314,Thompson-Sampling
3,3.7845903278933637,Thompson-Sampling
3,5.1812137541489545,Thompson-Sampling
3,5.399632304043007,Thompson-Sampling
3,3.9630366369802763,Thompson-Sampling
3,4.487257170147835,Thompson-Sampling
3,2.0487570419395618,Thompson-Sampling
3,3.564807234598196,Thompson-Sampling
3,3.9249599705966784,Thompson-Sampling
3,3.966515663608152,Thompson-Sampling
3,2.5382121032125307,Thompson-Sampling
3,2.705317824232509,Thompson-Sampling
3,4.517461567324642,Thompson-Sampling
3,3.9550093514566096,Thompson-Sampling
3,3.674931418197116,Thompson-Sampling
3,4.709706446077631,Thompson-Sampling
3,4.479022792991124,Thompson-Sampling
3,4.0763737537614615,Thompson-Sampling
3,2.8275504369242563,Thompson-Sampling
3,1.8418699083523102,Thompson-Sampling
3,3.5610806012938783,Thompson-Sampling
3,3.6356861256873785,Thompson-Sampling
3,3.3937517365226064,Thompson-Sampling
3,3.1465261004868097,Thompson-Sampling
3,3.3741547031492543,Thompson-Sampling
3,2.636062332709618,Thompson-Sampling
3,4.189164145217724,Thompson-Sampling
3,3.811765860544522,Thompson-Sampling
3,0.7768384493081664,Thompson-Sampling
3,5.026535257458423,Thompson-Sampling
3,6.784897023121581,Thompson-Sampling
3,1.6257314819983733,Thompson-Sampling
3,3.101660720566385,Thompson-Sampling
3,1.8795512882743681,Thompson-Sampling
3,2.60461721266823,Thompson-Sampling
3,2.5767477848048337,Thompson-Sampling
3,5.204252799271071,Thompson-Sampling
3,3.133140218692623,Thompson-Sampling
3,4.052766332801499,Thompson-Sampling
3,3.676686278236324,Thompson-Sampling
3,4.946520975321993,Thompson-Sampling
3,3.2542500531155323,Thompson-Sampling
3,5.933180344709309,Thompson-Sampling
3,4.3291081502155535,Thompson-Sampling
3,3.8763282137813997,Thompson-Sampling
3,5.933185678169437,Thompson-Sampling
3,4.9205742579657725,Thompson-Sampling
3,5.112027488682335,Thompson-Sampling
3,3.090626468585632,Thompson-Sampling
3,5.075412246620922,Thompson-Sampling
3,4.238621994557172,Thompson-Sampling
3,4.536785988287794,Thompson-Sampling
3,4.0679287426177595,Thompson-Sampling
3,5.06638593708291,Thompson-Sampling
3,4.180615841704066,Thompson-Sampling
3,5.013966468549823,Thompson-Sampling
3,1.9458230022962715,Thompson-Sampling
3,4.876883173610096,Thompson-Sampling
3,3.1610462901466043,Thompson-Sampling
3,4.2886637982015525,Thompson-Sampling
3,4.872889655135058,Thompson-Sampling
3,3.7171074725443343,Thompson-Sampling
3,3.4940245044069176,Thompson-Sampling
3,4.5448893516211815,Thompson-Sampling
3,4.869889640556664,Thompson-Sampling
3,4.321967479762501,Thompson-Sampling
3,2.2769190552937024,Thompson-Sampling
3,4.78723757466684,Thompson-Sampling
3,4.705609682423015,Thompson-Sampling
3,2.9648395607076967,Thompson-Sampling
3,3.8631794328551075,Thompson-Sampling
3,3.6626060265488976,Thompson-Sampling
3,2.635182449750136,Thompson-Sampling
3,5.972401567597237,Thompson-Sampling
3,4.6260685565027515,Thompson-Sampling
3,5.046726579484438,Thompson-Sampling
3,2.949547361696764,Thompson-Sampling
3,3.840579244952151,Thompson-Sampling
3,4.589321480185166,Thompson-Sampling
3,3.4479367050679013,Thompson-Sampling
3,5.314799447006713,Thompson-Sampling
3,4.109306440342347,Thompson-Sampling
3,3.2443668927132645,Thompson-Sampling
3,5.428601598464557,Thompson-Sampling
3,3.3655619826865557,Thompson-Sampling
3,3.063337224886107,Thompson-Sampling
3,4.202315774456648,Thompson-Sampling
3,2.538990327837438,Thompson-Sampling
3,4.549360730258424,Thompson-Sampling
3,3.8744328760905313,Thompson-Sampling
3,4.224406835484843,Thompson-Sampling
3,5.007443989525953,Thompson-Sampling
3,4.49646536717306,Thompson-Sampling
3,4.822422874450372,Thompson-Sampling
3,3.103731500530676,Thompson-Sampling
3,3.9690213594295427,Thompson-Sampling
3,4.896084079271457,Thompson-Sampling
3,4.291184329795497,Thompson-Sampling
3,3.2724420279355053,Thompson-Sampling
3,2.453379909607255,Thompson-Sampling
3,5.350468940041633,Thompson-Sampling
3,3.5860126174033904,Thompson-Sampling
3,3.6481848783399053,Thompson-Sampling
3,4.251421079031953,Thompson-Sampling
3,3.9195535233690406,Thompson-Sampling
3,2.977676686896717,Thompson-Sampling
3,5.330833409493793,Thompson-Sampling
3,4.951485383587967,Thompson-Sampling
3,3.5560257711993932,Thompson-Sampling
3,4.563303759447627,Thompson-Sampling
3,4.403094835039532,Thompson-Sampling
3,5.031427841444597,Thompson-Sampling
3,3.643263918582829,Thompson-Sampling
3,3.752177996121361,Thompson-Sampling
3,5.6146066533359775,Thompson-Sampling
3,5.5776488138193265,Thompson-Sampling
3,2.637655266113315,Thompson-Sampling
3,3.7062949755558208,Thompson-Sampling
3,3.0603897937075493,Thompson-Sampling
3,4.570696021863607,Thompson-Sampling
3,3.2924671141757997,Thompson-Sampling
3,4.338408362575968,Thompson-Sampling
3,3.2028691124246342,Thompson-Sampling
3,4.339962585677438,Thompson-Sampling
3,5.159902063281766,Thompson-Sampling
3,4.501879033227127,Thompson-Sampling
3,4.046326317233392,Thompson-Sampling
3,5.5721107528941785,Thompson-Sampling
3,5.536160799030806,Thompson-Sampling
3,4.820409795192278,Thompson-Sampling
3,4.875084386636279,Thompson-Sampling
3,2.7685810995748215,Thompson-Sampling
3,3.202619041288151,Thompson-Sampling
3,4.063602210607642,Thompson-Sampling
3,2.919449476101421,Thompson-Sampling
3,6.271380852399342,Thompson-Sampling
3,4.927872468646135,Thompson-Sampling
3,2.6908162131394207,Thompson-Sampling
3,2.16291162850682,Thompson-Sampling
3,2.9824834482724416,Thompson-Sampling
3,4.53891298070484,Thompson-Sampling
3,6.067026463248469,Thompson-Sampling
3,4.482478509866917,Thompson-Sampling
3,4.567065926762614,Thompson-Sampling
3,2.497235266223114,Thompson-Sampling
3,4.581145167088582,Thompson-Sampling
3,2.9278524187690516,Thompson-Sampling
3,3.919946863925829,Thompson-Sampling
3,3.3088522153394533,Thompson-Sampling
3,3.143566648976887,Thompson-Sampling
3,4.1328339354710355,Thompson-Sampling
3,4.7269911155687865,Thompson-Sampling
3,3.3295110623893036,Thompson-Sampling
3,3.589021633941484,Thompson-Sampling
3,4.960056194464766,Thompson-Sampling
3,3.5768480701558767,Thompson-Sampling
3,2.6348196202052367,Thompson-Sampling
3,5.534774925660431,Thompson-Sampling
3,2.9185902305541664,Thompson-Sampling
3,2.817017676162018,Thompson-Sampling
3,2.3167079284969945,Thompson-Sampling
3,3.987591827160225,Thompson-Sampling
3,4.291807062757865,Thompson-Sampling
3,5.292425473662934,Thompson-Sampling
3,2.9382312797879893,Thompson-Sampling
3,3.6600377359413034,Thompson-Sampling
3,4.48988304447057,Thompson-Sampling
3,2.443467352800732,Thompson-Sampling
3,4.755781869453079,Thompson-Sampling
3,4.692805497014254,Thompson-Sampling
3,5.165427671111512,Thompson-Sampling
3,4.137775582122929,Thompson-Sampling
3,4.468677255091438,Thompson-Sampling
3,4.565062691513493,Thompson-Sampling
3,3.510632386128149,Thompson-Sampling
3,4.39073486520019,Thompson-Sampling
3,3.1398286791033776,Thompson-Sampling
3,5.720127503795,Thompson-Sampling
3,6.427941206436341,Thompson-Sampling
3,4.31949933540291,Thompson-Sampling
3,5.196051691814829,Thompson-Sampling
3,4.021788288689865,Thompson-Sampling
3,1.6831072602374726,Thompson-Sampling
3,3.8735109976927533,Thompson-Sampling
3,3.8372802400405472,Thompson-Sampling
3,4.796129960549561,Thompson-Sampling
3,4.389998745808297,Thompson-Sampling
3,4.086430518753551,Thompson-Sampling
3,3.3535720245945755,Thompson-Sampling
3,4.194838509892522,Thompson-Sampling
3,3.60402521194738,Thompson-Sampling
3,4.142631558660228,Thompson-Sampling
3,3.5897332051442907,Thompson-Sampling
3,4.222944126594078,Thompson-Sampling
3,4.379291815834193,Thompson-Sampling
3,3.843530238781734,Thompson-Sampling
3,5.033411493815936,Thompson-Sampling
3,5.283350040848929,Thompson-Sampling
3,2.9081305689330454,Thompson-Sampling
3,4.545852653758626,Thompson-Sampling
3,4.339715868529117,Thompson-Sampling
3,4.1446715944988375,Thompson-Sampling
3,3.171877002461815,Thompson-Sampling
3,3.2245241699855165,Thompson-Sampling
3,3.668190446792437,Thompson-Sampling
3,6.088781295564606,Thompson-Sampling
3,0.7974175353783686,Thompson-Sampling
3,3.334386649645538,Thompson-Sampling
3,4.138600702048458,Thompson-Sampling
3,3.7410633394556063,Thompson-Sampling
3,4.141439103845133,Thompson-Sampling
3,3.526448733082629,Thompson-Sampling
3,4.497034012617111,Thompson-Sampling
3,2.9487975080093243,Thompson-Sampling
3,2.42254768630507,Thompson-Sampling
3,3.520238715322673,Thompson-Sampling
3,2.4252686731791004,Thompson-Sampling
3,2.185851809989291,Thompson-Sampling
3,3.6557330042127485,Thompson-Sampling
3,3.745018619800434,Thompson-Sampling
3,3.5390697990929905,Thompson-Sampling
3,4.926069120880369,Thompson-Sampling
3,3.4584733601907276,Thompson-Sampling
3,5.107328645658906,Thompson-Sampling
3,3.447018036344096,Thompson-Sampling
3,4.009440877618724,Thompson-Sampling
3,3.8556347593005817,Thompson-Sampling
3,3.9474171981727837,Thompson-Sampling
3,3.469954636756959,Thompson-Sampling
3,4.722985456902773,Thompson-Sampling
3,5.168298623373003,Thompson-Sampling
3,4.974664586565065,Thompson-Sampling
3,4.373357635365455,Thompson-Sampling
3,4.2314048451530235,Thompson-Sampling
3,3.861146697466687,Thompson-Sampling
3,2.484490599449825,Thompson-Sampling
3,1.3519603532408726,Thompson-Sampling
3,5.086619306327487,Thompson-Sampling
3,4.710184232861983,Thompson-Sampling
3,3.651814270399113,Thompson-Sampling
3,5.064619510383949,Thompson-Sampling
3,4.129428132149952,Thompson-Sampling
3,4.566090675386695,Thompson-Sampling
3,4.561471481465636,Thompson-Sampling
3,3.0965872461821213,Thompson-Sampling
3,3.565562606299254,Thompson-Sampling
3,3.3873317037294255,Thompson-Sampling
3,3.899086035334809,Thompson-Sampling
3,4.523739430722942,Thompson-Sampling
3,2.5824997419728177,Thompson-Sampling
3,5.031132854734381,Thompson-Sampling
3,5.542397673748514,Thompson-Sampling
3,4.2444221528670365,Thompson-Sampling
3,4.790640446334364,Thompson-Sampling
3,3.665863568171802,Thompson-Sampling
3,3.4199475552596423,Thompson-Sampling
3,6.0429700185522055,Thompson-Sampling
3,3.813625283021355,Thompson-Sampling
3,4.478583511638185,Thompson-Sampling
3,4.590192402001069,Thompson-Sampling
3,3.3241846839113562,Thompson-Sampling
3,4.0602488190756265,Thompson-Sampling
3,5.553354573158516,Thompson-Sampling
3,4.371081753195521,Thompson-Sampling
3,4.924755413475451,Thompson-Sampling
3,5.3949658323756635,Thompson-Sampling
3,2.6950192806751136,Thompson-Sampling
3,3.7947083767592487,Thompson-Sampling
3,5.2010041709307355,Thompson-Sampling
3,4.688027877372485,Thompson-Sampling
3,3.90255525758917,Thompson-Sampling
3,1.2550215165488496,Thompson-Sampling
3,4.1498863824910845,Thompson-Sampling
3,2.581449888951852,Thompson-Sampling
3,3.8353924347285813,Thompson-Sampling
3,4.473407832007761,Thompson-Sampling
3,2.8371072152218133,Thompson-Sampling
3,4.254658075540085,Thompson-Sampling
3,2.2576661974805705,Thompson-Sampling
3,3.7145673719450376,Thompson-Sampling
3,3.5713771884299894,Thompson-Sampling
3,4.293883142759894,Thompson-Sampling
3,5.3296864863642766,Thompson-Sampling
3,2.415205010188061,Thompson-Sampling
3,3.219931432651359,Thompson-Sampling
3,1.4918101583342152,Thompson-Sampling
3,4.140434820699675,Thompson-Sampling
3,5.186900436858213,Thompson-Sampling
3,4.954728164518004,Thompson-Sampling
3,6.038218227159771,Thompson-Sampling
3,4.092826103996686,Thompson-Sampling
3,4.693101261724923,Thompson-Sampling
3,4.059281992077532,Thompson-Sampling
3,4.103987139583833,Thompson-Sampling
3,2.3345599664222965,Thompson-Sampling
3,6.160249923345776,Thompson-Sampling
3,5.923531076248986,Thompson-Sampling
3,5.130342736522655,Thompson-Sampling
3,3.074929637530275,Thompson-Sampling
3,3.234721561934857,Thompson-Sampling
3,2.953952565297455,Thompson-Sampling
3,5.882965442012249,Thompson-Sampling
3,2.974729395396431,Thompson-Sampling
3,5.443458028406839,Thompson-Sampling
3,3.3652715874827397,Thompson-Sampling
3,3.5999044054583287,Thompson-Sampling
3,4.185014862823988,Thompson-Sampling
3,2.3918068444539307,Thompson-Sampling
3,3.9707125637109364,Thompson-Sampling
3,4.280521735908352,Thompson-Sampling
3,4.451855694990346,Thompson-Sampling
3,3.821725677805132,Thompson-Sampling
3,2.8257014230057393,Thompson-Sampling
3,3.5138746153850793,Thompson-Sampling
3,4.811515743565089,Thompson-Sampling
3,3.169862744390006,Thompson-Sampling
3,3.2637627976884698,Thompson-Sampling
3,3.074544062211519,Thompson-Sampling
3,4.014976961550586,Thompson-Sampling
3,4.276347834762816,Thompson-Sampling
3,4.780121702435811,Thompson-Sampling
3,3.5665356477822048,Thompson-Sampling
3,3.719433439161192,Thompson-Sampling
3,1.6420454734627778,Thompson-Sampling
3,4.076686282701976,Thompson-Sampling
3,4.45842791795354,Thompson-Sampling
3,3.5387774011026987,Thompson-Sampling
3,3.458365363992228,Thompson-Sampling
3,2.85278460737811,Thompson-Sampling
3,3.373852775559937,Thompson-Sampling
3,4.885963185397635,Thompson-Sampling
3,3.9098717601275723,Thompson-Sampling
3,4.029927203907736,Thompson-Sampling
3,3.132029903301173,Thompson-Sampling
3,3.3960961679522477,Thompson-Sampling
3,5.482373598605483,Thompson-Sampling
3,2.9060528001130206,Thompson-Sampling
3,3.5721791402051752,Thompson-Sampling
3,3.953731594529754,Thompson-Sampling
3,3.038392655249396,Thompson-Sampling
3,2.0851772978707936,Thompson-Sampling
3,3.424453828061352,Thompson-Sampling
3,5.230562255428425,Thompson-Sampling
3,4.567125526578385,Thompson-Sampling
3,1.8837186821085807,Thompson-Sampling
3,4.0295226766331815,Thompson-Sampling
3,3.552309876504555,Thompson-Sampling
3,4.222665491039446,Thompson-Sampling
3,5.565605623846222,Thompson-Sampling
3,2.7614270754805217,Thompson-Sampling
3,2.9092367270349464,Thompson-Sampling
3,4.040001423411201,Thompson-Sampling
3,2.101937090876037,Thompson-Sampling
3,4.07552200537685,Thompson-Sampling
3,4.382254431498518,Thompson-Sampling
3,3.4685351338669563,Thompson-Sampling
3,2.739394523778123,Thompson-Sampling
3,1.8761074902071515,Thompson-Sampling
3,3.222238326406059,Thompson-Sampling
3,3.6185326685245314,Thompson-Sampling
3,4.847120492845433,Thompson-Sampling
3,2.9802225233101147,Thompson-Sampling
3,4.722290704958041,Thompson-Sampling
3,3.7689805675359227,Thompson-Sampling
3,5.394787239643773,Thompson-Sampling
3,3.8100703536687464,Thompson-Sampling
3,2.4986683004375845,Thompson-Sampling
3,3.2452411361606073,Thompson-Sampling
3,3.3859800761300707,Thompson-Sampling
3,4.346159221901231,Thompson-Sampling
3,4.064111002444283,Thompson-Sampling
3,4.3219271460561774,Thompson-Sampling
3,4.019000375181013,Thompson-Sampling
3,4.776447019362321,Thompson-Sampling
3,2.925659110103705,Thompson-Sampling
3,4.065501785741694,Thompson-Sampling
3,4.0779477334358125,Thompson-Sampling
3,3.0581770388689478,Thompson-Sampling
3,4.011369385318193,Thompson-Sampling
3,5.734015426078337,Thompson-Sampling
3,4.916989920801306,Thompson-Sampling
3,5.166403820012037,Thompson-Sampling
3,3.3627922875833844,Thompson-Sampling
3,3.1683946654975896,Thompson-Sampling
3,2.4215034987658717,Thompson-Sampling
3,4.081229805381323,Thompson-Sampling
3,2.510170431778308,Thompson-Sampling
3,5.202117742798204,Thompson-Sampling
3,4.529795229821111,Thompson-Sampling
3,4.492003300770127,Thompson-Sampling
3,5.947244315584914,Thompson-Sampling
3,3.351796572629498,Thompson-Sampling
3,2.624671331265354,Thompson-Sampling
3,3.084237293239685,Thompson-Sampling
3,3.916229209110561,Thompson-Sampling
3,3.166233236255696,Thompson-Sampling
3,4.723640645652463,Thompson-Sampling
3,5.132586628478289,Thompson-Sampling
3,2.771777128365671,Thompson-Sampling
3,4.551162292485629,Thompson-Sampling
3,2.3763546873026344,Thompson-Sampling
3,4.377460955381386,Thompson-Sampling
3,5.480714910170322,Thompson-Sampling
3,5.7581504866195425,Thompson-Sampling
3,2.5439622802129307,Thompson-Sampling
3,4.168783923126645,Thompson-Sampling
3,4.798389585297427,Thompson-Sampling
3,4.824887635996487,Thompson-Sampling
3,3.090684429021465,Thompson-Sampling
3,5.139382230920033,Thompson-Sampling
3,4.275162878388587,Thompson-Sampling
3,3.5754154962040214,Thompson-Sampling
3,3.3797921144892835,Thompson-Sampling
3,2.851504974660153,Thompson-Sampling
3,4.704825714311363,Thompson-Sampling
3,3.791229353676879,Thompson-Sampling
3,6.165480770369293,Thompson-Sampling
3,4.316940842321154,Thompson-Sampling
3,4.76941361708141,Thompson-Sampling
3,3.5136013248215656,Thompson-Sampling
3,6.024914782012913,Thompson-Sampling
3,3.1966562187920733,Thompson-Sampling
3,3.797584943576096,Thompson-Sampling
3,3.6724035616556403,Thompson-Sampling
3,4.12046124265509,Thompson-Sampling
3,2.977369013165694,Thompson-Sampling
3,4.964853938299572,Thompson-Sampling
3,3.7490029535724934,Thompson-Sampling
3,5.010371024924247,Thompson-Sampling
3,4.466151795847637,Thompson-Sampling
3,2.9941447541571478,Thompson-Sampling
3,4.396345405620444,Thompson-Sampling
3,5.441147816855459,Thompson-Sampling
3,2.203161929288475,Thompson-Sampling
3,3.6714833415388854,Thompson-Sampling
3,3.556505071368053,Thompson-Sampling
3,5.018366485467963,Thompson-Sampling
3,3.154415484188235,Thompson-Sampling
3,3.3910291909655568,Thompson-Sampling
3,3.4579901521174192,Thompson-Sampling
3,3.2264839554378764,Thompson-Sampling
3,4.428994240069514,Thompson-Sampling
3,3.3560167869225914,Thompson-Sampling
3,3.6923378794261943,Thompson-Sampling
3,4.093102552163916,Thompson-Sampling
3,3.5393150523542776,Thompson-Sampling
3,3.9130573344986703,Thompson-Sampling
3,4.799918475331969,Thompson-Sampling
3,5.914834807291584,Thompson-Sampling
3,3.3028800520576587,Thompson-Sampling
3,2.6655113834720483,Thompson-Sampling
3,5.426809564663986,Thompson-Sampling
3,4.210052769184933,Thompson-Sampling
3,3.9855775781598197,Thompson-Sampling
3,4.683566290401937,Thompson-Sampling
3,4.701003603126834,Thompson-Sampling
3,4.504915594734909,Thompson-Sampling
3,3.2899387840574823,Thompson-Sampling
3,5.224042602930542,Thompson-Sampling
3,4.431020624169006,Thompson-Sampling
3,4.8018266055800005,Thompson-Sampling
3,2.0693518127286294,Thompson-Sampling
3,2.1526637797518777,Thompson-Sampling
3,4.861761710871097,Thompson-Sampling
3,3.617464043466098,Thompson-Sampling
3,4.632411782961115,Thompson-Sampling
3,3.4060067947887998,Thompson-Sampling
3,4.266706456629008,Thompson-Sampling
3,5.902643305064319,Thompson-Sampling
3,3.266967394972746,Thompson-Sampling
3,4.0286231639006616,Thompson-Sampling
3,2.1447975569121924,Thompson-Sampling
3,4.3071042034939095,Thompson-Sampling
3,4.242532597032483,Thompson-Sampling
3,3.711894698795918,Thompson-Sampling
3,3.7232175862071824,Thompson-Sampling
3,3.1294644813094683,Thompson-Sampling
3,2.619735200541081,Thompson-Sampling
3,4.254516995459994,Thompson-Sampling
3,4.575220032886963,Thompson-Sampling
3,2.9122345885511987,Thompson-Sampling
3,4.4853250054052625,Thompson-Sampling
3,3.932758432196651,Thompson-Sampling
3,4.543539791144455,Thompson-Sampling
3,4.364818192415158,Thompson-Sampling
3,2.8895019369939474,Thompson-Sampling
3,3.249017213706032,Thompson-Sampling
3,4.61168634478183,Thompson-Sampling
3,5.358327347987988,Thompson-Sampling
3,3.891168937725237,Thompson-Sampling
3,2.844558075540376,Thompson-Sampling
3,3.338780840122622,Thompson-Sampling
3,0.9055676306464542,Thompson-Sampling
3,3.5445837212201328,Thompson-Sampling
3,4.776323243779141,Thompson-Sampling
3,2.11249882341023,Thompson-Sampling
3,5.041249924542136,Thompson-Sampling
3,4.327407692704257,Thompson-Sampling
3,4.111737177291128,Thompson-Sampling
3,3.2316720261029332,Thompson-Sampling
3,3.89387260833245,Thompson-Sampling
3,4.591624227040935,Thompson-Sampling
3,4.606054242339004,Thompson-Sampling
3,2.3105127569755872,Thompson-Sampling
3,4.873078351988936,Thompson-Sampling
3,4.423694669990845,Thompson-Sampling
3,4.91446000231118,Thompson-Sampling
3,5.7461564272790735,Thompson-Sampling
3,3.8365105515821227,Thompson-Sampling
3,4.265476760146353,Thompson-Sampling
3,5.501773295958038,Thompson-Sampling
3,5.196381312769303,Thompson-Sampling
3,3.7868599239050535,Thompson-Sampling
3,3.1360140489328563,Thompson-Sampling
3,4.245381806758987,Thompson-Sampling
3,2.9499971192931618,Thompson-Sampling
3,6.223154437050528,Thompson-Sampling
3,4.000989661501432,Thompson-Sampling
3,4.122532551073129,Thompson-Sampling
3,4.229801617596276,Thompson-Sampling
3,1.6185340272645434,Thompson-Sampling
3,3.6753295608386884,Thompson-Sampling
3,4.607183884636987,Thompson-Sampling
3,4.731399594282383,Thompson-Sampling
3,6.268496856184386,Thompson-Sampling
3,6.168247649167508,Thompson-Sampling
3,2.431076815485381,Thompson-Sampling
3,2.5934408465837153,Thompson-Sampling
3,4.790136977395935,Thompson-Sampling
3,3.6511680653130365,Thompson-Sampling
3,2.8102040662675307,Thompson-Sampling
3,4.794753375274483,Thompson-Sampling
3,4.16436991049923,Thompson-Sampling
3,4.2316938132871655,Thompson-Sampling
3,4.026981098737721,Thompson-Sampling
3,5.246263603647141,Thompson-Sampling
3,3.313533900428541,Thompson-Sampling
3,3.8405981655961865,Thompson-Sampling
3,3.535534398559346,Thompson-Sampling
3,4.16801444101922,Thompson-Sampling
3,2.730357075936726,Thompson-Sampling
3,2.9307264939991224,Thompson-Sampling
3,3.8983288803022402,Thompson-Sampling
3,3.1333043442162474,Thompson-Sampling
3,4.40185494628538,Thompson-Sampling
3,5.221967917300706,Thompson-Sampling
3,3.2380730782202365,Thompson-Sampling
3,4.677791899435361,Thompson-Sampling
3,4.495999314142916,Thompson-Sampling
3,6.456346295445616,Thompson-Sampling
3,4.173373934448839,Thompson-Sampling
3,4.3705602059454804,Thompson-Sampling
3,5.779597529249303,Thompson-Sampling
3,4.102695057128105,Thompson-Sampling
3,3.176896374750017,Thompson-Sampling
3,3.794304112968463,Thompson-Sampling
3,3.2374170327439216,Thompson-Sampling
3,2.0925611318516877,Thompson-Sampling
3,4.150026083381118,Thompson-Sampling
3,4.280914297933014,Thompson-Sampling
3,2.8048831241977,Thompson-Sampling
3,3.738359269988555,Thompson-Sampling
3,3.051176616592677,Thompson-Sampling
3,3.074017108040997,Thompson-Sampling
3,2.648346497668479,Thompson-Sampling
3,6.084918389884418,Thompson-Sampling
3,2.221955438019084,Thompson-Sampling
3,3.661410851870906,Thompson-Sampling
3,4.4330348646169355,Thompson-Sampling
3,3.6013134090333825,Thompson-Sampling
3,3.42575599563647,Thompson-Sampling
3,4.767710047753825,Thompson-Sampling
3,3.8038419275621522,Thompson-Sampling
3,4.620279604962706,Thompson-Sampling
3,2.9342750332472733,Thompson-Sampling
3,4.715598361512466,Thompson-Sampling
3,3.597624639401334,Thompson-Sampling
3,2.688468076649463,Thompson-Sampling
3,5.668008984057854,Thompson-Sampling
3,0.9639558461709323,Thompson-Sampling
3,2.2763656751831682,Thompson-Sampling
3,4.441182917164867,Thompson-Sampling
3,3.998838650908558,Thompson-Sampling
3,2.4406122844991818,Thompson-Sampling
3,3.4304164661056986,Thompson-Sampling
3,2.1616179347489295,Thompson-Sampling
3,3.3437743637706623,Thompson-Sampling
3,3.789892560086989,Thompson-Sampling
3,2.02588504972605,Thompson-Sampling
3,3.0893320360003607,Thompson-Sampling
3,4.056400109550896,Thompson-Sampling
3,4.231231242494425,Thompson-Sampling
3,5.418101558726943,Thompson-Sampling
3,3.051770635173383,Thompson-Sampling
3,2.4961307904940773,Thompson-Sampling
3,3.186784881091284,Thompson-Sampling
3,3.232697782931706,Thompson-Sampling
3,3.391516669789297,Thompson-Sampling
3,3.615670323361919,Thompson-Sampling
3,5.71602484660203,Thompson-Sampling
3,4.741741518135102,Thompson-Sampling
3,4.804488943064602,Thompson-Sampling
3,3.4575518392315487,Thompson-Sampling
3,6.039603601837092,Thompson-Sampling
3,5.493900196968933,Thompson-Sampling
3,2.926705694516646,Thompson-Sampling
3,4.502230470058726,Thompson-Sampling
3,3.1437937015515556,Thompson-Sampling
3,3.0224415154968645,Thompson-Sampling
3,3.687034857478457,Thompson-Sampling
3,4.3476143289954665,Thompson-Sampling
3,2.215313726320116,Thompson-Sampling
3,3.8236939239657324,Thompson-Sampling
3,4.184833506092793,Thompson-Sampling
3,4.0792620274650275,Thompson-Sampling
3,3.7657118993164067,Thompson-Sampling
3,2.8897358625364054,Thompson-Sampling
3,2.6649676622569505,Thompson-Sampling
3,4.244381482845827,Thompson-Sampling
3,4.935279871039084,Thompson-Sampling
3,3.3227485440138977,Thompson-Sampling
3,4.063513719778187,Thompson-Sampling
3,4.437146047149334,Thompson-Sampling
3,3.877698662826138,Thompson-Sampling
3,5.093581955608379,Thompson-Sampling
3,3.494226035295319,Thompson-Sampling
3,3.3730034046517243,Thompson-Sampling
3,4.395143731382907,Thompson-Sampling
3,4.393114802830589,Thompson-Sampling
3,5.197426591737575,Thompson-Sampling
3,4.8546520664629105,Thompson-Sampling
3,5.951456314793278,Thompson-Sampling
3,4.607287047201003,Thompson-Sampling
3,5.169886889607007,Thompson-Sampling
3,3.832130018080519,Thompson-Sampling
3,5.127245937892452,Thompson-Sampling
3,5.060422519181109,Thompson-Sampling
3,4.0508977988025405,Thompson-Sampling
3,4.717693948352526,Thompson-Sampling
3,3.615394417977672,Thompson-Sampling
3,4.22771135967005,Thompson-Sampling
3,5.129499541555326,Thompson-Sampling
3,4.311802899359526,Thompson-Sampling
3,4.479259908349435,Thompson-Sampling
3,4.398301749502545,Thompson-Sampling
3,4.109984385448381,Thompson-Sampling
3,5.015674842469568,Thompson-Sampling
3,3.8931982903290447,Thompson-Sampling
3,5.130679253482878,Thompson-Sampling
3,4.38672993170116,Thompson-Sampling
3,4.31400924925878,Thompson-Sampling
3,4.249289875288696,Thompson-Sampling
3,3.5096774289644275,Thompson-Sampling
3,3.7621780723289917,Thompson-Sampling
3,4.144246764529942,Thompson-Sampling
3,4.796273450083949,Thompson-Sampling
3,3.443650188967952,Thompson-Sampling
3,5.215978859442494,Thompson-Sampling
3,4.205035627847017,Thompson-Sampling
3,4.57847793222152,Thompson-Sampling
3,4.147945941085499,Thompson-Sampling
3,4.320295762267797,Thompson-Sampling
3,5.637874665719376,Thompson-Sampling
3,2.679135237099209,Thompson-Sampling
3,3.590510205765804,Thompson-Sampling
3,3.551110168485542,Thompson-Sampling
3,5.189393584114808,Thompson-Sampling
3,4.535344186309619,Thompson-Sampling
3,5.851860056796497,Thompson-Sampling
3,3.3677644337529324,Thompson-Sampling
3,5.394685877798806,Thompson-Sampling
3,3.830872329679558,Thompson-Sampling
3,3.5117437835655236,Thompson-Sampling
3,3.9930203127262893,Thompson-Sampling
3,5.645449865847102,Thompson-Sampling
3,4.537461934414872,Thompson-Sampling
3,4.207241472878039,Thompson-Sampling
3,4.851608219821473,Thompson-Sampling
3,4.7562610529786,Thompson-Sampling
3,4.0009781557199915,Thompson-Sampling
3,3.3909824557943824,Thompson-Sampling
3,4.742348070815412,Thompson-Sampling
3,3.5046577042470304,Thompson-Sampling
3,5.124930791064842,Thompson-Sampling
3,5.655919390193567,Thompson-Sampling
3,2.548221157693752,Thompson-Sampling
3,4.842508152976545,Thompson-Sampling
3,4.097098992038382,Thompson-Sampling
3,4.288353131935333,Thompson-Sampling
3,3.357070331692079,Thompson-Sampling
3,4.685608797673071,Thompson-Sampling
3,2.817939840500358,Thompson-Sampling
3,3.514904821425768,Thompson-Sampling
3,3.27615696942645,Thompson-Sampling
3,4.91139578186371,Thompson-Sampling
3,2.304104960356498,Thompson-Sampling
3,3.9352232701761567,Thompson-Sampling
3,4.589307409923833,Thompson-Sampling
3,2.7312270057256542,Thompson-Sampling
3,4.271297721403817,Thompson-Sampling
3,2.8457276191528207,Thompson-Sampling
3,4.874094273726752,Thompson-Sampling
3,5.655814962075499,Thompson-Sampling
3,1.5419003467807824,Thompson-Sampling
3,3.582628316818032,Thompson-Sampling
3,4.074003078746293,Thompson-Sampling
3,3.6089375630733307,Thompson-Sampling
3,3.9408643590669397,Thompson-Sampling
3,4.799696739115016,Thompson-Sampling
3,5.807920740208416,Thompson-Sampling
3,2.6230860570902945,Thompson-Sampling
3,2.76588420695247,Thompson-Sampling
3,3.3320932648436865,Thompson-Sampling
3,4.702307249613131,Thompson-Sampling
3,3.7149394545910615,Thompson-Sampling
3,4.9564908949693915,Thompson-Sampling
3,4.056944170652706,Thompson-Sampling
3,3.833613235241385,Thompson-Sampling
3,4.114655425600408,Thompson-Sampling
3,3.257352999587821,Thompson-Sampling
3,3.3850065550363415,Thompson-Sampling
3,4.39510218456586,Thompson-Sampling
3,2.5706688401178095,Thompson-Sampling
3,3.7292813004036534,Thompson-Sampling
3,4.912762248089821,Thompson-Sampling
3,3.4030475216820375,Thompson-Sampling
3,4.945073573023583,Thompson-Sampling
3,3.5460164292464675,Thompson-Sampling
3,5.055982365900309,Thompson-Sampling
3,5.028081510829045,Thompson-Sampling
3,4.438484014906204,Thompson-Sampling
3,2.2903364387876133,Thompson-Sampling
3,3.5072283500830816,Thompson-Sampling
3,4.999185092897132,Thompson-Sampling
3,3.3487315708683907,Thompson-Sampling
3,2.7266556794817784,Thompson-Sampling
3,5.438801346825777,Thompson-Sampling
3,2.7036258272070723,Thompson-Sampling
3,1.4275905611255526,Thompson-Sampling
3,3.4581620963014985,Thompson-Sampling
3,2.649467270354104,Thompson-Sampling
3,3.813120138512364,Thompson-Sampling
3,4.488358106557337,Thompson-Sampling
3,4.626551825198623,Thompson-Sampling
3,3.1106790814734047,Thompson-Sampling
3,2.4889626553093827,Thompson-Sampling
3,4.404476701711297,Thompson-Sampling
3,6.048337189195568,Thompson-Sampling
3,5.027893812267449,Thompson-Sampling
3,4.726994221764048,Thompson-Sampling
3,4.402945335045409,Thompson-Sampling
3,6.201656476768383,Thompson-Sampling
3,3.0168945186110476,Thompson-Sampling
3,3.742263109187326,Thompson-Sampling
3,5.962471177297701,Thompson-Sampling
3,3.7829402231893092,Thompson-Sampling
3,3.830685941237204,Thompson-Sampling
3,4.511373230542518,Thompson-Sampling
3,3.8292129553610765,Thompson-Sampling
3,5.513723312397218,Thompson-Sampling
3,5.690076919775787,Thompson-Sampling
3,3.6162109245047334,Thompson-Sampling
3,4.2233580273335996,Thompson-Sampling
3,4.582058283425221,Thompson-Sampling
3,6.2859885741279795,Thompson-Sampling
3,4.17815975636995,Thompson-Sampling
3,3.6823238812263015,Thompson-Sampling
3,3.3975580705962893,Thompson-Sampling
3,3.950693246335668,Thompson-Sampling
3,5.0586345486931545,Thompson-Sampling
3,2.306804250154106,Thompson-Sampling
3,2.8235626308979285,Thompson-Sampling
3,3.0259956789810323,Thompson-Sampling
3,5.268981270581684,Thompson-Sampling
3,3.9677892430742925,Thompson-Sampling
3,5.881160336885733,Thompson-Sampling
3,3.746567713686651,Thompson-Sampling
3,4.415007238356239,Thompson-Sampling
3,4.31958492255024,Thompson-Sampling
3,4.579602308085319,Thompson-Sampling
3,3.62577974368556,Thompson-Sampling
3,2.1977519178646228,Thompson-Sampling
3,4.566948570795242,Thompson-Sampling
3,3.1379096176768178,Thompson-Sampling
3,2.6806961138866594,Thompson-Sampling
3,5.306803228221183,Thompson-Sampling
3,3.885155912472594,Thompson-Sampling
3,4.398184309891848,Thompson-Sampling
3,3.9742479251096756,Thompson-Sampling
3,3.371411972579364,Thompson-Sampling
3,4.067277830087291,Thompson-Sampling
3,3.554855055604684,Thompson-Sampling
3,2.9411532801157794,Thompson-Sampling
3,3.3637339543587252,Thompson-Sampling
3,4.1231077636880515,Thompson-Sampling
3,4.743591097233192,Thompson-Sampling
3,5.184930380378776,Thompson-Sampling
3,2.1461961785775023,Thompson-Sampling
3,4.221152711937481,Thompson-Sampling
3,2.6862221487424653,Thompson-Sampling
3,3.8195850612080013,Thompson-Sampling
3,4.567113580240287,Thompson-Sampling
3,3.9772892601193317,Thompson-Sampling
3,4.943127570844186,Thompson-Sampling
3,4.831624718253982,Thompson-Sampling
3,2.767807609210299,Thompson-Sampling
3,4.259676128372356,Thompson-Sampling
3,4.202778641939067,Thompson-Sampling
3,2.6196782764415794,Thompson-Sampling
3,4.307004235205392,Thompson-Sampling
3,3.6211725529381646,Thompson-Sampling
3,3.5362351793696876,Thompson-Sampling
3,5.094310050131389,Thompson-Sampling
3,5.06344670975329,Thompson-Sampling
3,5.362143384897351,Thompson-Sampling
3,3.0281715955827497,Thompson-Sampling
3,4.59151773735446,Thompson-Sampling
3,3.9531066984209193,Thompson-Sampling
3,4.046521580874123,Thompson-Sampling
3,5.372973747594002,Thompson-Sampling
3,4.974621255089865,Thompson-Sampling
3,4.379995169981419,Thompson-Sampling
3,4.697181431607614,Thompson-Sampling
3,3.7186925275913416,Thompson-Sampling
3,2.7507347750004794,Thompson-Sampling
3,3.527305055413308,Thompson-Sampling
3,3.4265750527593797,Thompson-Sampling
3,4.047377690181589,Thompson-Sampling
3,5.572274474908896,Thompson-Sampling
3,1.6790363410280151,Thompson-Sampling
3,3.830390474307501,Thompson-Sampling
3,4.684243428417854,Thompson-Sampling
3,4.228837720541774,Thompson-Sampling
3,4.177222314239691,Thompson-Sampling
3,4.953014620117706,Thompson-Sampling
3,3.951198524050868,Thompson-Sampling
3,3.8574889406739534,Thompson-Sampling
3,3.1410212987076305,Thompson-Sampling
3,3.273248921899558,Thompson-Sampling
3,4.3632943650648865,Thompson-Sampling
3,3.415510270561789,Thompson-Sampling
3,4.464226628550048,Thompson-Sampling
3,3.23801734861122,Thompson-Sampling
3,3.0117134665953307,Thompson-Sampling
3,3.653593060983465,Thompson-Sampling
3,3.904070858310975,Thompson-Sampling
3,5.1599453818302194,Thompson-Sampling
3,6.091651823449435,Thompson-Sampling
3,3.514294805746328,Thompson-Sampling
3,4.06480970373794,Thompson-Sampling
3,3.9023047389553525,Thompson-Sampling
3,5.715829220211662,Thompson-Sampling
3,2.5179877127898127,Thompson-Sampling
3,3.486009093888829,Thompson-Sampling
3,4.313073016640003,Thompson-Sampling
3,3.919814861199764,Thompson-Sampling
3,2.614097606418268,Thompson-Sampling
3,3.76751580377921,Thompson-Sampling
3,1.964027452359717,Thompson-Sampling
3,3.940499933754291,Thompson-Sampling
3,5.248286574971173,Thompson-Sampling
3,5.745368042807562,Thompson-Sampling
3,4.388934386398109,Thompson-Sampling
3,4.384683195524591,Thompson-Sampling
3,3.057779813059404,Thompson-Sampling
3,5.103568280642053,Thompson-Sampling
3,4.446734376254187,Thompson-Sampling
3,4.988280911700671,Thompson-Sampling
3,3.0544841447986033,Thompson-Sampling
3,5.028873278549464,Thompson-Sampling
3,2.0749990448285707,Thompson-Sampling
3,2.947675667841364,Thompson-Sampling
3,5.748272109256161,Thompson-Sampling
3,3.4790611851464783,Thompson-Sampling
3,1.756254739111931,Thompson-Sampling
3,3.9103997527216823,Thompson-Sampling
3,4.347515821925989,Thompson-Sampling
3,4.554233693427108,Thompson-Sampling
3,4.343890651206757,Thompson-Sampling
3,5.1728680054471745,Thompson-Sampling
3,4.889976569376534,Thompson-Sampling
3,4.111481911771908,Thompson-Sampling
3,4.241155743736313,Thompson-Sampling
3,5.538036108853142,Thompson-Sampling
3,4.577027488865875,Thompson-Sampling
3,3.160967193278219,Thompson-Sampling
3,3.5070655323254782,Thompson-Sampling
3,2.872244334814644,Thompson-Sampling
3,5.175415578497748,Thompson-Sampling
3,3.51216177183643,Thompson-Sampling
3,4.244512196378309,Thompson-Sampling
3,5.31567851496931,Thompson-Sampling
3,3.416626317929128,Thompson-Sampling
3,4.983423740915896,Thompson-Sampling
3,3.8014815911548157,Thompson-Sampling
3,4.136516053866667,Thompson-Sampling
3,4.31778995650126,Thompson-Sampling
3,3.3079751194012803,Thompson-Sampling
3,5.225133107700907,Thompson-Sampling
3,2.343245438488939,Thompson-Sampling
3,3.7596269455852265,Thompson-Sampling
3,5.592109959469174,Thompson-Sampling
3,2.8818064511465433,Thompson-Sampling
3,2.31144405272155,Thompson-Sampling
3,4.407997865164025,Thompson-Sampling
3,5.488565510467164,Thompson-Sampling
3,4.126235848897033,Thompson-Sampling
3,2.8150774609706106,Thompson-Sampling
3,6.780150610186342,Thompson-Sampling
3,4.48245372173876,Thompson-Sampling
3,5.402553691422501,Thompson-Sampling
3,5.049387925929048,Thompson-Sampling
3,3.64196270518338,Thompson-Sampling
3,5.54843155535854,Thompson-Sampling
3,3.8956926097930866,Thompson-Sampling
3,3.695007090659271,Thompson-Sampling
3,3.0779451111624425,Thompson-Sampling
3,5.067777659964744,Thompson-Sampling
3,4.176071313635572,Thompson-Sampling
3,4.972487607691674,Thompson-Sampling
3,5.241530275413116,Thompson-Sampling
3,5.0448252325241,Thompson-Sampling
3,2.7738626017797774,Thompson-Sampling
3,2.4913990369068664,Thompson-Sampling
3,4.158109637158135,Thompson-Sampling
3,3.5083835203455283,Thompson-Sampling
3,2.9422504309219173,Thompson-Sampling
3,5.979654894457235,Thompson-Sampling
3,3.319169281495533,Thompson-Sampling
3,3.2065206686479333,Thompson-Sampling
3,1.2680100531276173,Thompson-Sampling
3,3.2484136886038932,Thompson-Sampling
3,3.5869531830860524,Thompson-Sampling
3,4.167939585127954,Thompson-Sampling
3,2.9627110590001102,Thompson-Sampling
3,3.2344176981558648,Thompson-Sampling
3,4.820690709627578,Thompson-Sampling
3,4.313425450355525,Thompson-Sampling
3,4.429887710169255,Thompson-Sampling
3,3.858387759859725,Thompson-Sampling
3,3.4877306511728343,Thompson-Sampling
3,2.691933652708162,Thompson-Sampling
3,3.5951064395901917,Thompson-Sampling
3,2.73630022262546,Thompson-Sampling
3,3.7695751867850436,Thompson-Sampling
3,4.304835799362018,Thompson-Sampling
3,5.384973826365177,Thompson-Sampling
3,3.080345655264543,Thompson-Sampling
3,4.549636082016777,Thompson-Sampling
3,4.2429576144783,Thompson-Sampling
3,2.8915151675528277,Thompson-Sampling
3,3.8827406398582753,Thompson-Sampling
3,5.439594642949245,Thompson-Sampling
3,4.403679457028089,Thompson-Sampling
3,4.040928933611188,Thompson-Sampling
3,3.6354761436862417,Thompson-Sampling
3,3.5564037529421486,Thompson-Sampling
3,4.303114082120306,Thompson-Sampling
3,4.24219710451263,Thompson-Sampling
3,2.303977034934247,Thompson-Sampling
3,3.859450957348026,Thompson-Sampling
3,2.418326193362914,Thompson-Sampling
3,3.753982584817306,Thompson-Sampling
3,4.067314668483523,Thompson-Sampling
3,3.805585852175991,Thompson-Sampling
3,3.5993496775032163,Thompson-Sampling
3,3.0937738221765025,Thompson-Sampling
3,4.615260154711905,Thompson-Sampling
3,4.896827315852732,Thompson-Sampling
3,2.8816975944865066,Thompson-Sampling
3,4.998777776120135,Thompson-Sampling
3,3.2033593353014265,Thompson-Sampling
3,5.157157960642788,Thompson-Sampling
3,4.553646217207241,Thompson-Sampling
3,4.281102894351581,Thompson-Sampling
3,4.712516414109521,Thompson-Sampling
3,1.3751862189256356,Thompson-Sampling
3,5.743365409718917,Thompson-Sampling
3,4.974174349872841,Thompson-Sampling
3,4.412381310053083,Thompson-Sampling
3,3.160414213221586,Thompson-Sampling
3,4.476898644001983,Thompson-Sampling
3,5.223214967624321,Thompson-Sampling
3,2.839616734889052,Thompson-Sampling
3,3.1585561985464627,Thompson-Sampling
3,2.1857158831771315,Thompson-Sampling
3,4.247973292917738,Thompson-Sampling
3,3.33242382078398,Thompson-Sampling
3,4.879509458540013,Thompson-Sampling
3,4.402823946134141,Thompson-Sampling
3,4.032326922549469,Thompson-Sampling
3,3.874235963753186,Thompson-Sampling
3,3.5523104696960552,Thompson-Sampling
3,1.702765004068798,Thompson-Sampling
3,3.760073753457107,Thompson-Sampling
3,4.019516183044011,Thompson-Sampling
3,3.115571330515913,Thompson-Sampling
3,4.100996379681459,Thompson-Sampling
3,6.514857547479014,Thompson-Sampling
3,3.6910465427501618,Thompson-Sampling
3,3.5826069229749398,Thompson-Sampling
3,4.384760215792707,Thompson-Sampling
3,3.712980145627988,Thompson-Sampling
3,3.514831171543601,Thompson-Sampling
3,4.8567152135327145,Thompson-Sampling
3,4.473704710541247,Thompson-Sampling
3,4.864885014233456,Thompson-Sampling
3,2.6137935290515326,Thompson-Sampling
3,4.4297766059679065,Thompson-Sampling
3,5.576621736512461,Thompson-Sampling
3,3.3719808462229297,Thompson-Sampling
3,3.5920850028951166,Thompson-Sampling
3,2.7452723909202437,Thompson-Sampling
3,4.137430231390744,Thompson-Sampling
3,2.846593503713243,Thompson-Sampling
3,4.952649671750393,Thompson-Sampling
3,5.331282962832926,Thompson-Sampling
3,5.07381553086016,Thompson-Sampling
3,4.214463694143527,Thompson-Sampling
3,3.7269297973603828,Thompson-Sampling
3,5.067611968737184,Thompson-Sampling
3,4.307200595879684,Thompson-Sampling
3,4.27187907071443,Thompson-Sampling
3,4.436187431456271,Thompson-Sampling
3,6.1037386429414076,Thompson-Sampling
3,4.508098605596867,Thompson-Sampling
3,3.9849690028847564,Thompson-Sampling
3,3.884161078243352,Thompson-Sampling
3,3.7701459079932036,Thompson-Sampling
3,3.208734776834067,Thompson-Sampling
3,2.644038082344837,Thompson-Sampling
3,3.398859169467881,Thompson-Sampling
3,4.1224284548663785,Thompson-Sampling
3,5.380949514142825,Thompson-Sampling
3,5.236446730950962,Thompson-Sampling
3,2.930524571784974,Thompson-Sampling
3,4.822259803512828,Thompson-Sampling
3,3.838040580072354,Thompson-Sampling
3,4.863295476583236,Thompson-Sampling
3,2.783205106062356,Thompson-Sampling
3,4.70818017906909,Thompson-Sampling
3,2.8484980311691426,Thompson-Sampling
3,2.804379504775101,Thompson-Sampling
3,3.4670179336348514,Thompson-Sampling
3,3.8199573489513483,Thompson-Sampling
3,4.007877228028797,Thompson-Sampling
3,3.5714037804067784,Thompson-Sampling
3,1.390222134191129,Thompson-Sampling
3,4.6988884483251905,Thompson-Sampling
3,4.914726698847052,Thompson-Sampling
3,6.1177945367162465,Thompson-Sampling
3,4.876397597738162,Thompson-Sampling
3,2.7888508376260654,Thompson-Sampling
3,4.843924861676705,Thompson-Sampling
3,3.3220167302752213,Thompson-Sampling
3,5.535634924940417,Thompson-Sampling
3,3.729275549319428,Thompson-Sampling
3,2.9755876478678736,Thompson-Sampling
3,3.551713843514739,Thompson-Sampling
3,2.2650755394240756,Thompson-Sampling
3,4.240779104020132,Thompson-Sampling
3,3.470107163582658,Thompson-Sampling
3,2.5622264985296557,Thompson-Sampling
3,3.8079966887307015,Thompson-Sampling
3,3.6980722088692795,Thompson-Sampling
3,4.139910670996662,Thompson-Sampling
3,3.3019628895801976,Thompson-Sampling
3,5.684275918857825,Thompson-Sampling
3,3.9757766184947236,Thompson-Sampling
3,4.112281664468026,Thompson-Sampling
3,3.6521412663527815,Thompson-Sampling
3,3.344123474600182,Thompson-Sampling
3,5.1148706707834295,Thompson-Sampling
3,4.065702849321692,Thompson-Sampling
3,4.9263325078699465,Thompson-Sampling
3,4.5349877189161445,Thompson-Sampling
3,4.295568138855538,Thompson-Sampling
3,4.148181556837824,Thompson-Sampling
3,5.486073358587414,Thompson-Sampling
3,3.6658021556151965,Thompson-Sampling
3,5.109021510337785,Thompson-Sampling
3,4.823915973946411,Thompson-Sampling
3,4.0219947006702945,Thompson-Sampling
3,2.9265744613134554,Thompson-Sampling
3,5.227076698716998,Thompson-Sampling
3,3.600983918185199,Thompson-Sampling
3,2.462876864640908,Thompson-Sampling
3,4.775027402529501,Thompson-Sampling
3,3.879579283509589,Thompson-Sampling
3,5.063436245699996,Thompson-Sampling
3,4.58124360374252,Thompson-Sampling
3,4.4481777809536,Thompson-Sampling
3,4.139708388271419,Thompson-Sampling
3,5.364200878029181,Thompson-Sampling
3,1.5991639726661155,Thompson-Sampling
3,5.108916480939447,Thompson-Sampling
3,4.133972638801904,Thompson-Sampling
3,3.9526217957778513,Thompson-Sampling
3,3.7866656873193283,Thompson-Sampling
3,3.228744639899575,Thompson-Sampling
3,5.741038956078876,Thompson-Sampling
3,4.371892447214172,Thompson-Sampling
3,3.044586275530554,Thompson-Sampling
3,4.083912414879958,Thompson-Sampling
3,4.396835368430735,Thompson-Sampling
3,5.02692080168898,Thompson-Sampling
3,5.375648672500681,Thompson-Sampling
3,3.475806369975924,Thompson-Sampling
3,4.861089591163014,Thompson-Sampling
3,4.079693885628633,Thompson-Sampling
3,2.6314409442102678,Thompson-Sampling
3,1.902525938235672,Thompson-Sampling
3,3.223144857008326,Thompson-Sampling
3,4.731936448634233,Thompson-Sampling
3,4.412853010599656,Thompson-Sampling
3,5.661902451559973,Thompson-Sampling
3,5.352953877483088,Thompson-Sampling
3,3.6301174951020605,Thompson-Sampling
3,4.460931191089491,Thompson-Sampling
3,1.5514911311377415,Thompson-Sampling
3,3.8745670785250605,Thompson-Sampling
3,3.0275829413643995,Thompson-Sampling
3,3.2245017137485976,Thompson-Sampling
3,4.850695922526434,Thompson-Sampling
3,3.955062606030974,Thompson-Sampling
3,3.699340064639079,Thompson-Sampling
3,3.6128054967474403,Thompson-Sampling
3,3.4649972263927324,Thompson-Sampling
3,5.302412102268031,Thompson-Sampling
3,4.3253769695957995,Thompson-Sampling
3,4.977803127777648,Thompson-Sampling
3,3.9532090180700634,Thompson-Sampling
3,3.6476956539873577,Thompson-Sampling
3,3.728316209382114,Thompson-Sampling
3,3.082125190869438,Thompson-Sampling
3,2.037705782585906,Thompson-Sampling
3,2.9601243322737147,Thompson-Sampling
3,4.503985843385998,Thompson-Sampling
3,3.7450088535072323,Thompson-Sampling
3,5.332904596279732,Thompson-Sampling
3,3.129311055566985,Thompson-Sampling
3,5.053867622357779,Thompson-Sampling
3,3.917500717615382,Thompson-Sampling
3,3.388228023936476,Thompson-Sampling
3,4.85981886538114,Thompson-Sampling
3,4.962572545688878,Thompson-Sampling
3,3.6856514682607986,Thompson-Sampling
3,4.491573703320694,Thompson-Sampling
3,4.7082968372276195,Thompson-Sampling
3,4.078461848073648,Thompson-Sampling
3,4.5689217877198525,Thompson-Sampling
3,4.277686431904864,Thompson-Sampling
3,4.222202277089574,Thompson-Sampling
3,4.912105885429592,Thompson-Sampling
3,4.081707319761809,Thompson-Sampling
3,3.8373313180219384,Thompson-Sampling
3,2.1169175650868874,Thompson-Sampling
3,2.5205653299632376,Thompson-Sampling
3,3.3729876235124845,Thompson-Sampling
3,4.319056279260374,Thompson-Sampling
3,3.6684809830421465,Thompson-Sampling
3,3.2786359513719017,Thompson-Sampling
3,6.130725439252551,Thompson-Sampling
3,4.890226743522561,Thompson-Sampling
3,3.553549900490229,Thompson-Sampling
3,5.3026732960830225,Thompson-Sampling
3,4.330524031915471,Thompson-Sampling
3,3.740924231190017,Thompson-Sampling
3,3.083202166826057,Thompson-Sampling
3,3.516617615707021,Thompson-Sampling
3,4.652391414860941,Thompson-Sampling
3,3.955541672616704,Thompson-Sampling
3,3.7166145166474966,Thompson-Sampling
3,4.775757315992373,Thompson-Sampling
3,6.0278727215126455,Thompson-Sampling
3,4.756466836487667,Thompson-Sampling
3,3.995728575875222,Thompson-Sampling
3,4.141472046006807,Thompson-Sampling
3,3.5723238498593446,Thompson-Sampling
3,4.52925199958208,Thompson-Sampling
3,2.9996020102142418,Thompson-Sampling
3,4.5763770944172375,Thompson-Sampling
3,2.7159514760435197,Thompson-Sampling
3,6.709416772160079,Thompson-Sampling
3,3.8617656438126735,Thompson-Sampling
3,4.381328068445557,Thompson-Sampling
3,3.1355042280065373,Thompson-Sampling
3,4.167090850385158,Thompson-Sampling
3,4.156830888827845,Thompson-Sampling
3,3.621333281531162,Thompson-Sampling
3,4.431113922909049,Thompson-Sampling
3,3.720553527285445,Thompson-Sampling
3,3.8491929626870367,Thompson-Sampling
3,4.009717676474449,Thompson-Sampling
3,4.958185061652423,Thompson-Sampling
3,3.21230501109841,Thompson-Sampling
3,4.468427673763315,Thompson-Sampling
3,3.558153106367095,Thompson-Sampling
3,3.3883753010561795,Thompson-Sampling
3,2.5741012848064058,Thompson-Sampling
3,4.8141974671432815,Thompson-Sampling
3,3.373000634842193,Thompson-Sampling
3,4.832782542222214,Thompson-Sampling
3,4.204490020632123,Thompson-Sampling
3,3.490764280067072,Thompson-Sampling
3,4.1435977318634825,Thompson-Sampling
3,2.4618688442420007,Thompson-Sampling
3,6.2166092343632435,Thompson-Sampling
3,4.49470928073327,Thompson-Sampling
3,3.822920242255321,Thompson-Sampling
3,3.7096716417728115,Thompson-Sampling
3,3.7468580156359823,Thompson-Sampling
3,3.765845765895391,Thompson-Sampling
3,3.6505987315768262,Thompson-Sampling
3,5.573176524429053,Thompson-Sampling
3,2.590510472030508,Thompson-Sampling
3,5.085393908553386,Thompson-Sampling
3,0.7075714096992889,Thompson-Sampling
3,5.541993550309362,Thompson-Sampling
3,2.3571904809152575,Thompson-Sampling
3,3.699012883030568,Thompson-Sampling
3,0.956990561837078,Thompson-Sampling
3,5.746053423611072,Thompson-Sampling
3,4.324176733928239,Thompson-Sampling
3,4.035185444666334,Thompson-Sampling
3,4.494772129020178,Thompson-Sampling
3,5.166484023988873,Thompson-Sampling
3,3.7662168637684563,Thompson-Sampling
3,4.912301852923541,Thompson-Sampling
3,5.692038415276071,Thompson-Sampling
3,3.0165083114334688,Thompson-Sampling
3,3.635800770826032,Thompson-Sampling
3,4.350066227189902,Thompson-Sampling
3,4.188794485470495,Thompson-Sampling
3,5.050131038440627,Thompson-Sampling
3,4.479464430781458,Thompson-Sampling
3,4.749863526931445,Thompson-Sampling
3,3.7706634986100074,Thompson-Sampling
3,2.977258156481726,Thompson-Sampling
3,2.273428099120365,Thompson-Sampling
3,4.8654241325756535,Thompson-Sampling
3,3.5921424573316765,Thompson-Sampling
3,5.368316692155484,Thompson-Sampling
3,4.354898362490369,Thompson-Sampling
3,2.5363052722071995,Thompson-Sampling
3,3.344695447082333,Thompson-Sampling
3,3.4301805647226034,Thompson-Sampling
3,2.8780226452403967,Thompson-Sampling
3,3.225965255247077,Thompson-Sampling
3,4.019094643973816,Thompson-Sampling
3,2.712179796447643,Thompson-Sampling
3,4.5228726908021795,Thompson-Sampling
3,3.027565184754436,Thompson-Sampling
3,3.8274527844131856,Thompson-Sampling
3,5.121462950701725,Thompson-Sampling
3,4.4814025953583325,Thompson-Sampling
3,5.4504271901474635,Thompson-Sampling
3,4.448991992475197,Thompson-Sampling
3,3.43511072556539,Thompson-Sampling
3,3.7747116582822193,Thompson-Sampling
3,4.442672104516616,Thompson-Sampling
3,4.925655318410671,Thompson-Sampling
3,5.549680139804743,Thompson-Sampling
3,5.071654419010881,Thompson-Sampling
3,4.196029769857923,Thompson-Sampling
3,5.255943594612342,Thompson-Sampling
3,4.5533796005044955,Thompson-Sampling
3,4.329710140016499,Thompson-Sampling
3,4.117017758621661,Thompson-Sampling
3,3.7132090219532428,Thompson-Sampling
3,3.694359712632883,Thompson-Sampling
3,5.240488126507699,Thompson-Sampling
3,3.99609509303957,Thompson-Sampling
3,3.9123931693062928,Thompson-Sampling
3,4.369965241229954,Thompson-Sampling
3,3.661325372002455,Thompson-Sampling
3,2.961766305901053,Thompson-Sampling
3,3.7044362019512618,Thompson-Sampling
3,4.998109715949205,Thompson-Sampling
3,3.716119889620239,Thompson-Sampling
3,3.7002426519251554,Thompson-Sampling
3,2.9009308377308907,Thompson-Sampling
3,4.103263496188821,Thompson-Sampling
3,3.8012658970698987,Thompson-Sampling
3,3.7299682842075117,Thompson-Sampling
3,3.0761469768417022,Thompson-Sampling
3,4.3359340641732524,Thompson-Sampling
3,3.679979462534719,Thompson-Sampling
3,4.53636063119235,Thompson-Sampling
3,3.6335138537576688,Thompson-Sampling
3,3.3468149354344137,Thompson-Sampling
3,3.5072416820264403,Thompson-Sampling
3,4.574954720451645,Thompson-Sampling
3,3.521550945998379,Thompson-Sampling
3,4.817242784710254,Thompson-Sampling
3,4.5061992428841515,Thompson-Sampling
3,3.4477722917469573,Thompson-Sampling
3,5.107652221549538,Thompson-Sampling
3,5.167018722855271,Thompson-Sampling
3,4.6369386525736385,Thompson-Sampling
3,3.2664543577170653,Thompson-Sampling
3,3.9215790721760038,Thompson-Sampling
3,3.30750880702338,Thompson-Sampling
3,3.942935935987291,Thompson-Sampling
3,5.35635152531821,Thompson-Sampling
3,2.925246975119972,Thompson-Sampling
3,4.14914214905541,Thompson-Sampling
3,3.542159301253241,Thompson-Sampling
3,3.3181991039152763,Thompson-Sampling
3,4.021022323612051,Thompson-Sampling
3,3.4041303436303263,Thompson-Sampling
3,4.090827379531757,Thompson-Sampling
3,3.3285665954743866,Thompson-Sampling
3,4.422300356034217,Thompson-Sampling
3,2.6893802566642773,Thompson-Sampling
3,4.547440065850303,Thompson-Sampling
3,2.8651931449948638,Thompson-Sampling
3,2.5769811469060797,Thompson-Sampling
3,5.721677883022991,Thompson-Sampling
3,2.1951087394370425,Thompson-Sampling
3,4.541793143351607,Thompson-Sampling
3,3.659733791562501,Thompson-Sampling
3,4.391210823460588,Thompson-Sampling
3,4.7596258127144555,Thompson-Sampling
3,1.7998262762598425,Thompson-Sampling
3,4.3523160724144745,Thompson-Sampling
3,2.48649755682984,Thompson-Sampling
3,4.095043725301068,Thompson-Sampling
3,2.864580418062975,Thompson-Sampling
3,4.677917586508664,Thompson-Sampling
3,4.861875884136845,Thompson-Sampling
3,3.3040748486832214,Thompson-Sampling
3,4.3526068364620505,Thompson-Sampling
3,3.081440126365945,Thompson-Sampling
3,2.5520305914638404,Thompson-Sampling
3,4.350264109822288,Thompson-Sampling
3,3.914140585359421,Thompson-Sampling
3,3.343270623460746,Thompson-Sampling
3,5.511135052746789,Thompson-Sampling
3,4.4654338170485355,Thompson-Sampling
3,3.752334127535175,Thompson-Sampling
3,5.307840006583697,Thompson-Sampling
3,3.7518923964204127,Thompson-Sampling
3,6.172365598503105,Thompson-Sampling
3,4.869970605976708,Thompson-Sampling
3,4.757373260650667,Thompson-Sampling
3,4.097604693500719,Thompson-Sampling
3,3.1509239473696358,Thompson-Sampling
3,5.840604412347411,Thompson-Sampling
3,6.174008548111781,Thompson-Sampling
3,3.720648629595702,Thompson-Sampling
3,5.782103615134983,Thompson-Sampling
3,3.8318700323065364,Thompson-Sampling
3,4.2275284811127785,Thompson-Sampling
3,2.8743287485570943,Thompson-Sampling
3,2.878259281855798,Thompson-Sampling
3,6.519913975940463,Thompson-Sampling
3,2.38852726489163,Thompson-Sampling
3,3.7182916844584475,Thompson-Sampling
3,4.1447896640274555,Thompson-Sampling
3,3.657828257608271,Thompson-Sampling
3,3.7305883388772125,Thompson-Sampling
3,1.5407664037858693,Thompson-Sampling
3,4.299731757977808,Thompson-Sampling
3,4.420710640976795,Thompson-Sampling
3,5.672314529289134,Thompson-Sampling
3,4.016645800646171,Thompson-Sampling
3,4.499173901741194,Thompson-Sampling
3,5.109922006846597,Thompson-Sampling
3,3.9334023685692903,Thompson-Sampling
3,3.922309238352312,Thompson-Sampling
3,2.8823782771886486,Thompson-Sampling
3,3.390851673494975,Thompson-Sampling
3,3.479939190018766,Thompson-Sampling
3,5.739514718107907,Thompson-Sampling
3,2.92158754526672,Thompson-Sampling
3,4.897889976286659,Thompson-Sampling
3,3.8381587879354218,Thompson-Sampling
3,5.307306195768033,Thompson-Sampling
3,5.086620120798681,Thompson-Sampling
3,4.569909618861411,Thompson-Sampling
3,3.821068668039231,Thompson-Sampling
3,4.131278450981741,Thompson-Sampling
3,3.667294203392262,Thompson-Sampling
3,4.026839977156788,Thompson-Sampling
3,4.587600583670411,Thompson-Sampling
3,1.9974466680496303,Thompson-Sampling
3,3.459086389353975,Thompson-Sampling
3,4.017530736560373,Thompson-Sampling
3,3.7581920627856436,Thompson-Sampling
3,3.969303043538469,Thompson-Sampling
3,1.591967615804232,Thompson-Sampling
3,3.9239191525611092,Thompson-Sampling
3,3.8265593784356677,Thompson-Sampling
3,2.7992932624706475,Thompson-Sampling
3,2.778953274348489,Thompson-Sampling
3,4.615513368584487,Thompson-Sampling
3,1.919126003978926,Thompson-Sampling
3,3.237125602614656,Thompson-Sampling
3,3.5710869111485843,Thompson-Sampling
3,4.711312251410582,Thompson-Sampling
3,3.3755098149327747,Thompson-Sampling
3,3.9090533928467837,Thompson-Sampling
3,5.260795770966036,Thompson-Sampling
3,5.499859058673648,Thompson-Sampling
3,4.518629258277434,Thompson-Sampling
3,4.162393235252851,Thompson-Sampling
3,5.5962394252986485,Thompson-Sampling
3,6.002346637942494,Thompson-Sampling
3,3.042736357528936,Thompson-Sampling
3,4.029618489134266,Thompson-Sampling
3,2.954653857596636,Thompson-Sampling
3,5.233998705957787,Thompson-Sampling
3,2.469185979553856,Thompson-Sampling
3,4.875760460397089,Thompson-Sampling
3,3.8477922415470487,Thompson-Sampling
3,4.165822080462613,Thompson-Sampling
3,5.043399967927737,Thompson-Sampling
3,4.944616880927866,Thompson-Sampling
3,4.208589805088133,Thompson-Sampling
3,2.060597813440098,Thompson-Sampling
3,3.743657456612355,Thompson-Sampling
3,3.395678000326555,Thompson-Sampling
3,4.143303696842827,Thompson-Sampling
3,3.6049867966295777,Thompson-Sampling
3,1.3978338712945826,Thompson-Sampling
3,2.0815016972599247,Thompson-Sampling
3,6.434500834410101,Thompson-Sampling
3,4.27108968763994,Thompson-Sampling
3,1.122810007922702,Thompson-Sampling
3,4.462349978615332,Thompson-Sampling
3,1.9141717761804897,Thompson-Sampling
3,2.620164284908115,Thompson-Sampling
3,3.179278325472545,Thompson-Sampling
3,1.4224827185118905,Thompson-Sampling
3,3.9476210613187814,Thompson-Sampling
3,3.059735212515326,Thompson-Sampling
3,3.01315480790948,Thompson-Sampling
3,3.980609343205535,Thompson-Sampling
3,4.235072572920727,Thompson-Sampling
3,3.748167401884123,Thompson-Sampling
3,2.169433897304485,Thompson-Sampling
3,4.8125930449587635,Thompson-Sampling
3,2.8906795282984388,Thompson-Sampling
3,5.341963546199577,Thompson-Sampling
3,6.658910638894814,Thompson-Sampling
3,2.7385993513196847,Thompson-Sampling
3,5.912228299440992,Thompson-Sampling
3,4.8126160631540245,Thompson-Sampling
3,4.7814551579203695,Thompson-Sampling
3,4.556379157761442,Thompson-Sampling
3,3.019090567842563,Thompson-Sampling
3,3.9239773590973286,Thompson-Sampling
3,2.399785044522421,Thompson-Sampling
3,4.194357150207015,Thompson-Sampling
3,5.642815410150806,Thompson-Sampling
3,6.277574268789332,Thompson-Sampling
3,3.387539860063348,Thompson-Sampling
3,5.035312973722467,Thompson-Sampling
3,3.8361756934684452,Thompson-Sampling
3,3.896885165475843,Thompson-Sampling
3,2.965638790884273,Thompson-Sampling
3,5.225898479784062,Thompson-Sampling
3,4.9757426037089,Thompson-Sampling
3,4.0899826672846595,Thompson-Sampling
3,5.061851956070646,Thompson-Sampling
3,1.9996897462136016,Thompson-Sampling
3,5.641525012074955,Thompson-Sampling
3,3.6325807218499997,Thompson-Sampling
3,3.3593999795672946,Thompson-Sampling
3,2.567888751087292,Thompson-Sampling
3,4.734291590859525,Thompson-Sampling
3,6.155023624892772,Thompson-Sampling
3,3.1993687778728708,Thompson-Sampling
3,5.790469123326265,Thompson-Sampling
3,5.063463077773783,Thompson-Sampling
3,5.059829556128551,Thompson-Sampling
3,4.91274697465209,Thompson-Sampling
3,5.159201470059115,Thompson-Sampling
3,4.378652739282518,Thompson-Sampling
3,4.831258439215777,Thompson-Sampling
3,2.0083008497883164,Thompson-Sampling
3,2.641993817845908,Thompson-Sampling
3,1.6037413490967718,Thompson-Sampling
3,5.426627649407315,Thompson-Sampling
3,3.771474275685738,Thompson-Sampling
3,3.4499559599847602,Thompson-Sampling
3,6.171251452348217,Thompson-Sampling
3,4.417153561429574,Thompson-Sampling
3,4.549320031630425,Thompson-Sampling
3,4.444303329135478,Thompson-Sampling
3,2.6623501059231245,Thompson-Sampling
3,3.640409254344252,Thompson-Sampling
3,3.9899688518530416,Thompson-Sampling
3,4.356702416619598,Thompson-Sampling
3,3.343108115678524,Thompson-Sampling
3,3.8813649754338964,Thompson-Sampling
3,4.745720725454377,Thompson-Sampling
3,3.7711275371323247,Thompson-Sampling
3,2.7359679366866723,Thompson-Sampling
3,3.3746177822103727,Thompson-Sampling
3,4.328695930421615,Thompson-Sampling
3,4.002860028821248,Thompson-Sampling
3,3.0142502038358514,Thompson-Sampling
3,4.999269667121904,Thompson-Sampling
3,3.0223123336815325,Thompson-Sampling
3,4.034951604274961,Thompson-Sampling
3,4.744188438514126,Thompson-Sampling
3,2.798300486766041,Thompson-Sampling
3,3.639429663909801,Thompson-Sampling
3,6.257858778985753,Thompson-Sampling
3,3.4421771742541267,Thompson-Sampling
3,0.6229098353748608,Thompson-Sampling
3,3.0010309764362635,Thompson-Sampling
3,3.9707317299140388,Thompson-Sampling
3,4.989469807369022,Thompson-Sampling
3,4.046124195393073,Thompson-Sampling
3,5.525719937305114,Thompson-Sampling
3,2.646718703005333,Thompson-Sampling
3,4.459157804638545,Thompson-Sampling
3,3.761514350601384,Thompson-Sampling
3,2.045634353867172,Thompson-Sampling
3,4.825361134630131,Thompson-Sampling
3,1.8705814698307868,Thompson-Sampling
3,4.631768342030485,Thompson-Sampling
3,3.8124688927545103,Thompson-Sampling
3,4.4094009706123085,Thompson-Sampling
3,3.098454900574235,Thompson-Sampling
3,4.635882727778011,Thompson-Sampling
3,4.407800297296923,Thompson-Sampling
3,4.536789454542966,Thompson-Sampling
3,3.4933677694020684,Thompson-Sampling
3,5.211554982812738,Thompson-Sampling
3,4.902313184536421,Thompson-Sampling
3,3.9634657676360856,Thompson-Sampling
3,3.271901597529109,Thompson-Sampling
3,3.581870309625829,Thompson-Sampling
3,5.19060072694765,Thompson-Sampling
3,3.818997390243833,Thompson-Sampling
3,3.6816819447784948,Thompson-Sampling
3,5.271323372410571,Thompson-Sampling
3,3.3333754038261003,Thompson-Sampling
3,4.938776696715817,Thompson-Sampling
3,5.045067344817703,Thompson-Sampling
3,4.47241016709414,Thompson-Sampling
3,4.323732301250262,Thompson-Sampling
3,4.679458835844708,Thompson-Sampling
3,5.966586677519384,Thompson-Sampling
3,2.8128931912959576,Thompson-Sampling
3,3.400043668401146,Thompson-Sampling
3,3.4333125878226456,Thompson-Sampling
3,2.881966242491275,Thompson-Sampling
3,2.622052576965155,Thompson-Sampling
3,5.022338954269285,Thompson-Sampling
3,3.6903566404577344,Thompson-Sampling
3,3.580607323510534,Thompson-Sampling
3,4.544877574665945,Thompson-Sampling
3,4.831812056021846,Thompson-Sampling
3,4.50594532913859,Thompson-Sampling
3,4.044138054364999,Thompson-Sampling
3,3.7283073929020882,Thompson-Sampling
3,4.344528109992083,Thompson-Sampling
3,2.4496929562065484,Thompson-Sampling
3,4.11845484550664,Thompson-Sampling
3,3.5785083980329206,Thompson-Sampling
3,4.686985330502175,Thompson-Sampling
3,5.562528179881822,Thompson-Sampling
3,5.244281389116267,Thompson-Sampling
3,3.2594140856324776,Thompson-Sampling
3,5.615041263533728,Thompson-Sampling
3,4.710658219410728,Thompson-Sampling
3,4.188822747317897,Thompson-Sampling
3,3.227781427440481,Thompson-Sampling
3,4.609527549152508,Thompson-Sampling
3,3.4490370772841947,Thompson-Sampling
3,3.1141677828466685,Thompson-Sampling
3,3.8614887048944104,Thompson-Sampling
3,2.9234776858941007,Thompson-Sampling
3,3.663360236042404,Thompson-Sampling
3,4.749048949799829,Thompson-Sampling
3,3.63538419585637,Thompson-Sampling
3,5.206935498463853,Thompson-Sampling
3,3.336953061304894,Thompson-Sampling
3,3.8926748668843905,Thompson-Sampling
3,3.908208073969747,Thompson-Sampling
3,3.5641866044761596,Thompson-Sampling
3,5.145465715300269,Thompson-Sampling
3,5.863232057838065,Thompson-Sampling
3,2.2494405735551117,Thompson-Sampling
3,4.418108322629211,Thompson-Sampling
3,4.903559075303846,Thompson-Sampling
3,3.0808411160027456,Thompson-Sampling
3,3.55332940327701,Thompson-Sampling
3,4.15518245764475,Thompson-Sampling
3,4.788526816870406,Thompson-Sampling
3,3.140411550602145,Thompson-Sampling
3,5.019775109784882,Thompson-Sampling
3,2.4967055608732185,Thompson-Sampling
3,4.406742930741252,Thompson-Sampling
3,2.092016866384614,Thompson-Sampling
3,3.628078294575608,Thompson-Sampling
3,2.338917932186708,Thompson-Sampling
3,4.531746756070995,Thompson-Sampling
3,3.32400553488196,Thompson-Sampling
3,3.8226179329585457,Thompson-Sampling
3,4.182428334820493,Thompson-Sampling
3,2.250892384704337,Thompson-Sampling
3,4.518095440990993,Thompson-Sampling
3,4.225179599709698,Thompson-Sampling
3,3.6103020453250916,Thompson-Sampling
3,3.5674226400129765,Thompson-Sampling
3,5.401247095963916,Thompson-Sampling
3,3.5070657467609285,Thompson-Sampling
3,2.465572168332813,Thompson-Sampling
3,4.519318484049183,Thompson-Sampling
3,5.707712126404482,Thompson-Sampling
3,5.035766756219519,Thompson-Sampling
3,4.658979580644482,Thompson-Sampling
3,3.7117929590526915,Thompson-Sampling
3,3.945420180011604,Thompson-Sampling
3,5.517765051327796,Thompson-Sampling
3,3.9837291298053676,Thompson-Sampling
3,4.752406382247067,Thompson-Sampling
3,3.9912490393889537,Thompson-Sampling
3,3.817538806347996,Thompson-Sampling
3,3.8143028393945446,Thompson-Sampling
3,4.147620194258569,Thompson-Sampling
3,3.981616216225098,Thompson-Sampling
3,1.8486981677599625,Thompson-Sampling
3,2.8957789430443293,Thompson-Sampling
3,4.322553743397818,Thompson-Sampling
3,3.9798132973715146,Thompson-Sampling
3,2.772793909028448,Thompson-Sampling
3,4.559647149613098,Thompson-Sampling
3,3.730654492623,Thompson-Sampling
3,4.510653940619364,Thompson-Sampling
3,5.221929768653491,Thompson-Sampling
3,3.2856880947911113,Thompson-Sampling
3,4.58868273956024,Thompson-Sampling
3,4.281648780961802,Thompson-Sampling
3,3.8256129003325547,Thompson-Sampling
3,3.969605142824108,Thompson-Sampling
3,3.9188210044337373,Thompson-Sampling
3,3.5509508655580433,Thompson-Sampling
3,4.1107703486715605,Thompson-Sampling
3,3.4437908511760993,Thompson-Sampling
3,3.7958556755580615,Thompson-Sampling
3,1.8902134359675524,Thompson-Sampling
3,2.5591931169660285,Thompson-Sampling
3,5.365272685273372,Thompson-Sampling
3,4.456070293561677,Thompson-Sampling
3,4.621922995254757,Thompson-Sampling
3,5.064002566136314,Thompson-Sampling
3,4.876784844706581,Thompson-Sampling
3,6.009108464523305,Thompson-Sampling
3,3.405679510333841,Thompson-Sampling
3,5.016628923541815,Thompson-Sampling
3,4.000583559977194,Thompson-Sampling
3,3.722346075234118,Thompson-Sampling
3,3.712301019818476,Thompson-Sampling
3,4.589950585826781,Thompson-Sampling
3,3.8878618114328685,Thompson-Sampling
3,5.399743083120501,Thompson-Sampling
3,3.4358401482227148,Thompson-Sampling
3,3.8563634864031093,Thompson-Sampling
3,4.56536958428148,Thompson-Sampling
3,4.138191043959591,Thompson-Sampling
3,4.198141789725941,Thompson-Sampling
3,3.3887277608317925,Thompson-Sampling
3,5.756871766364203,Thompson-Sampling
3,4.486873495177884,Thompson-Sampling
3,2.890841824178003,Thompson-Sampling
3,3.922235627012603,Thompson-Sampling
3,3.3245649858897086,Thompson-Sampling
3,4.043533747670708,Thompson-Sampling
3,3.505256759454831,Thompson-Sampling
3,4.89921738249412,Thompson-Sampling
3,4.967435455628401,Thompson-Sampling
3,4.066030178529449,Thompson-Sampling
3,3.906053987054463,Thompson-Sampling
3,5.022628004955727,Thompson-Sampling
3,3.436974419410987,Thompson-Sampling
3,3.6237278957726673,Thompson-Sampling
3,5.109184282007552,Thompson-Sampling
3,3.644274610584139,Thompson-Sampling
3,4.107954922182229,Thompson-Sampling
3,2.3098214957660845,Thompson-Sampling
3,4.241547363624529,Thompson-Sampling
3,4.388762970817067,Thompson-Sampling
3,6.582582641953268,Thompson-Sampling
3,3.0159750412302793,Thompson-Sampling
3,5.211149400292188,Thompson-Sampling
3,5.5805535897076,Thompson-Sampling
3,4.836892492733743,Thompson-Sampling
3,4.695905803742908,Thompson-Sampling
3,3.4161986701211173,Thompson-Sampling
3,3.5252785622000515,Thompson-Sampling
3,4.77072238589635,Thompson-Sampling
3,3.2886361111446423,Thompson-Sampling
3,3.821120372862943,Thompson-Sampling
3,4.2870405940353855,Thompson-Sampling
3,1.9418493196891031,Thompson-Sampling
3,3.6180108332117378,Thompson-Sampling
3,3.028211135889293,Thompson-Sampling
3,5.357682903718009,Thompson-Sampling
3,3.7942979556042182,Thompson-Sampling
3,4.510695831484351,Thompson-Sampling
3,3.7589928095302056,Thompson-Sampling
3,3.2531615345706584,Thompson-Sampling
3,1.261709471331843,Thompson-Sampling
3,5.022925844967973,Thompson-Sampling
3,2.4796209634152806,Thompson-Sampling
3,3.3060343259620533,Thompson-Sampling
3,3.663461926067562,Thompson-Sampling
3,3.5969976909814583,Thompson-Sampling
3,5.047747767917619,Thompson-Sampling
3,4.497848126895505,Thompson-Sampling
3,4.805390682195953,Thompson-Sampling
3,3.9417949040638285,Thompson-Sampling
3,2.4405762096442896,Thompson-Sampling
3,2.719774356913927,Thompson-Sampling
3,4.26027995051658,Thompson-Sampling
3,3.1032397521964703,Thompson-Sampling
3,3.988944879174804,Thompson-Sampling
3,3.4946267184590685,Thompson-Sampling
3,4.952494429065908,Thompson-Sampling
3,1.0299255065044508,Thompson-Sampling
3,2.448541588200467,Thompson-Sampling
3,2.7384235709272446,Thompson-Sampling
3,4.710730579881435,Thompson-Sampling
3,5.045637914521494,Thompson-Sampling
3,4.1027724325926656,Thompson-Sampling
3,4.543654286014021,Thompson-Sampling
3,4.140850069979571,Thompson-Sampling
3,3.4175260721231613,Thompson-Sampling
3,4.366957596474352,Thompson-Sampling
3,3.51429053171199,Thompson-Sampling
3,4.79170263773885,Thompson-Sampling
3,5.684995910883715,Thompson-Sampling
3,3.069818579835232,Thompson-Sampling
3,4.225656886204469,Thompson-Sampling
3,4.034676639658554,Thompson-Sampling
3,4.212807334082414,Thompson-Sampling
3,1.8364450374450887,Thompson-Sampling
3,4.7888708828484985,Thompson-Sampling
3,5.289112549025104,Thompson-Sampling
3,5.973196355584488,Thompson-Sampling
3,4.760144712265237,Thompson-Sampling
3,2.650277588270754,Thompson-Sampling
3,3.1368260068872615,Thompson-Sampling
3,3.500309431451306,Thompson-Sampling
3,3.20989472306485,Thompson-Sampling
3,5.040522659332684,Thompson-Sampling
3,4.988134685158853,Thompson-Sampling
3,3.4100672389654854,Thompson-Sampling
3,3.298853299120858,Thompson-Sampling
3,4.954030498794705,Thompson-Sampling
3,3.40804228577526,Thompson-Sampling
3,4.380930873827982,Thompson-Sampling
3,4.268859233672031,Thompson-Sampling
3,3.27310109048954,Thompson-Sampling
3,5.656065917050732,Thompson-Sampling
3,4.367927736005056,Thompson-Sampling
3,3.8183582058728716,Thompson-Sampling
3,4.636829468044939,Thompson-Sampling
3,3.8957798909993517,Thompson-Sampling
3,4.451379483722612,Thompson-Sampling
3,5.003707212430346,Thompson-Sampling
3,7.519311812213563,Thompson-Sampling
3,2.6904539790625495,Thompson-Sampling
3,4.57469241989807,Thompson-Sampling
3,3.974148463307719,Thompson-Sampling
3,2.1158458512449902,Thompson-Sampling
3,4.9203041128295215,Thompson-Sampling
3,2.0149112265297653,Thompson-Sampling
3,4.448266504710934,Thompson-Sampling
3,4.828777116198214,Thompson-Sampling
3,4.518889244535199,Thompson-Sampling
3,4.207440969850895,Thompson-Sampling
3,2.9696291111273765,Thompson-Sampling
3,3.4574872824500216,Thompson-Sampling
3,4.152658204981055,Thompson-Sampling
3,3.7382291554262825,Thompson-Sampling
3,4.5961104144797265,Thompson-Sampling
3,3.3569804079324825,Thompson-Sampling
3,4.376353982994859,Thompson-Sampling
3,4.88673748687232,Thompson-Sampling
3,5.516383042363009,Thompson-Sampling
3,5.0056543646914236,Thompson-Sampling
3,3.4229014545880685,Thompson-Sampling
3,4.254229907099764,Thompson-Sampling
3,2.0245238961401792,Thompson-Sampling
3,6.841886164500265,Thompson-Sampling
3,3.721424131668832,Thompson-Sampling
3,2.6881371797082503,Thompson-Sampling
3,4.996005032986173,Thompson-Sampling
3,4.799633549653988,Thompson-Sampling
3,4.126565250508814,Thompson-Sampling
3,2.2069070682510015,Thompson-Sampling
3,4.634152187248881,Thompson-Sampling
3,4.0986102590718705,Thompson-Sampling
3,2.6154962708743024,Thompson-Sampling
3,3.186129763712475,Thompson-Sampling
3,3.7717037602216843,Thompson-Sampling
3,5.603896457772084,Thompson-Sampling
3,4.871090514551218,Thompson-Sampling
3,3.0848259913038842,Thompson-Sampling
3,5.041509440446357,Thompson-Sampling
3,5.6655715495145,Thompson-Sampling
3,3.1972276103228188,Thompson-Sampling
3,3.937068563826764,Thompson-Sampling
3,5.129000957754522,Thompson-Sampling
3,3.572408708039305,Thompson-Sampling
3,2.574453408418652,Thompson-Sampling
3,4.417721765955153,Thompson-Sampling
3,4.896446209169076,Thompson-Sampling
3,1.6325188912648794,Thompson-Sampling
3,4.527156498571664,Thompson-Sampling
3,4.9468437773560145,Thompson-Sampling
3,5.379953770742769,Thompson-Sampling
3,4.564641905241463,Thompson-Sampling
3,4.129242885315603,Thompson-Sampling
3,5.114533036823258,Thompson-Sampling
3,4.172975562822089,Thompson-Sampling
3,4.921129117006968,Thompson-Sampling
3,2.6956332434081043,Thompson-Sampling
3,6.182775399222882,Thompson-Sampling
3,3.0971128937653982,Thompson-Sampling
3,4.603579589429822,Thompson-Sampling
3,4.586771240908922,Thompson-Sampling
3,4.156071222064581,Thompson-Sampling
3,5.334685997499167,Thompson-Sampling
3,3.9283306993583698,Thompson-Sampling
3,3.4844844345546013,Thompson-Sampling
3,4.232353542168324,Thompson-Sampling
3,5.757986073106397,Thompson-Sampling
3,3.6845334007092427,Thompson-Sampling
3,2.359160463006307,Thompson-Sampling
3,3.3668757347528975,Thompson-Sampling
3,4.351902016727096,Thompson-Sampling
3,3.1240742083981683,Thompson-Sampling
3,4.512403490295981,Thompson-Sampling
3,2.887765424374881,Thompson-Sampling
3,4.720991737870297,Thompson-Sampling
3,3.3130435473206483,Thompson-Sampling
3,4.788654364493255,Thompson-Sampling
3,2.3829047299100408,Thompson-Sampling
3,4.530436150251985,Thompson-Sampling
3,3.6300004127017074,Thompson-Sampling
3,5.151695152611207,Thompson-Sampling
3,2.8686378242769397,Thompson-Sampling
3,5.811252545772321,Thompson-Sampling
3,5.196435815095262,Thompson-Sampling
3,5.076834216116852,Thompson-Sampling
3,3.9149468833189793,Thompson-Sampling
3,3.0788468484056883,Thompson-Sampling
3,3.4518718516727165,Thompson-Sampling
3,2.6315077226923504,Thompson-Sampling
3,4.35447604730366,Thompson-Sampling
3,4.191606255906786,Thompson-Sampling
3,5.162669591448623,Thompson-Sampling
3,4.802351839630236,Thompson-Sampling
3,2.278806833479155,Thompson-Sampling
3,3.5242140475338375,Thompson-Sampling
3,5.410440963905409,Thompson-Sampling
3,4.3942948175407945,Thompson-Sampling
3,3.76406785627705,Thompson-Sampling
3,2.998168193245098,Thompson-Sampling
3,3.267468508931687,Thompson-Sampling
3,3.731928103141367,Thompson-Sampling
3,5.012608613140146,Thompson-Sampling
3,4.364647309308427,Thompson-Sampling
3,3.8802263313145318,Thompson-Sampling
3,4.190821319943427,Thompson-Sampling
3,2.6158891541312213,Thompson-Sampling
3,3.844383369661639,Thompson-Sampling
3,4.690998652770618,Thompson-Sampling
3,5.686406089570124,Thompson-Sampling
3,2.179710149805794,Thompson-Sampling
3,4.557277570357941,Thompson-Sampling
3,2.615336114404638,Thompson-Sampling
3,4.288073280197295,Thompson-Sampling
3,4.784169837280929,Thompson-Sampling
3,3.95483200645956,Thompson-Sampling
3,2.756246462858697,Thompson-Sampling
3,3.539254717185874,Thompson-Sampling
3,3.7528045880716956,Thompson-Sampling
3,4.076190774059429,Thompson-Sampling
3,4.334365985315742,Thompson-Sampling
3,4.164045568041609,Thompson-Sampling
3,2.7619543283230814,Thompson-Sampling
3,4.160687864772839,Thompson-Sampling
3,1.785414382120511,Thompson-Sampling
3,3.34657373956413,Thompson-Sampling
3,3.349984214897962,Thompson-Sampling
3,1.5614475908178846,Thompson-Sampling
3,3.357925688286521,Thompson-Sampling
3,4.0655964439264025,Thompson-Sampling
3,3.7288198165951036,Thompson-Sampling
3,3.627595706481962,Thompson-Sampling
3,4.136861226402973,Thompson-Sampling
3,4.194848142985758,Thompson-Sampling
3,4.988747063759404,Thompson-Sampling
3,4.578894135763154,Thompson-Sampling
3,3.6440860039489036,Thompson-Sampling
3,4.319112220047278,Thompson-Sampling
3,3.973088203877543,Thompson-Sampling
3,2.4580623062502607,Thompson-Sampling
3,4.455987658866615,Thompson-Sampling
3,3.745413912893405,Thompson-Sampling
3,4.401935829208485,Thompson-Sampling
3,4.87166657306033,Thompson-Sampling
3,5.581581008391003,Thompson-Sampling
3,2.9229741842804504,Thompson-Sampling
3,1.8074254207144378,Thompson-Sampling
3,2.505477819129098,Thompson-Sampling
3,4.1677501944195,Thompson-Sampling
3,4.387405928668288,Thompson-Sampling
3,3.361887896937662,Thompson-Sampling
3,2.976278523091474,Thompson-Sampling
3,2.3421274200453626,Thompson-Sampling
3,3.7255512825724777,Thompson-Sampling
3,2.3078482510186973,Thompson-Sampling
3,5.663779588251212,Thompson-Sampling
3,3.8362557510150634,Thompson-Sampling
3,4.537246850340209,Thompson-Sampling
3,3.9274939367614934,Thompson-Sampling
3,3.303399978485072,Thompson-Sampling
3,1.873935480229572,Thompson-Sampling
3,3.8490624284466572,Thompson-Sampling
3,3.4232943148849486,Thompson-Sampling
3,3.5623954678342975,Thompson-Sampling
3,4.98044826465463,Thompson-Sampling
3,3.8298708819758263,Thompson-Sampling
3,3.7879750943060175,Thompson-Sampling
3,3.332447381331355,Thompson-Sampling
3,2.82176678897144,Thompson-Sampling
3,4.222033324549746,Thompson-Sampling
3,3.7151075636804403,Thompson-Sampling
3,4.599038360426085,Thompson-Sampling
3,4.2634705410536915,Thompson-Sampling
3,3.2966245284539184,Thompson-Sampling
3,2.7954045508982235,Thompson-Sampling
3,4.471587881134798,Thompson-Sampling
3,4.320584227388361,Thompson-Sampling
3,5.2288288507745975,Thompson-Sampling
3,3.7666752301722033,Thompson-Sampling
3,4.01931808047341,Thompson-Sampling
3,4.089210802024566,Thompson-Sampling
3,4.624908038271823,Thompson-Sampling
3,4.017663531344626,Thompson-Sampling
3,3.686141887861521,Thompson-Sampling
3,2.9457857419382165,Thompson-Sampling
3,2.418798868340259,Thompson-Sampling
3,4.627476618982023,Thompson-Sampling
3,3.2345246253291924,Thompson-Sampling
3,3.3247063688722402,Thompson-Sampling
3,4.561865706914167,Thompson-Sampling
3,3.7799256003465818,Thompson-Sampling
3,4.020506296302044,Thompson-Sampling
3,5.051218641372549,Thompson-Sampling
3,3.8753216209988315,Thompson-Sampling
3,5.231928645064893,Thompson-Sampling
3,5.04067535326587,Thompson-Sampling
3,5.917807569969916,Thompson-Sampling
3,3.704692557705098,Thompson-Sampling
3,4.76029860431567,Thompson-Sampling
3,4.060880811748355,Thompson-Sampling
3,4.934304754309661,Thompson-Sampling
3,4.401177111632587,Thompson-Sampling
3,1.698881767445699,Thompson-Sampling
3,4.737556445706675,Thompson-Sampling
3,2.706191573657347,Thompson-Sampling
3,4.433060584885797,Thompson-Sampling
3,5.275778394188204,Thompson-Sampling
3,4.143932584250212,Thompson-Sampling
3,3.954373058940685,Thompson-Sampling
3,6.808494207593866,Thompson-Sampling
3,3.3440374266386663,Thompson-Sampling
3,4.171434673424901,Thompson-Sampling
3,5.968003407793961,Thompson-Sampling
3,5.970360088765185,Thompson-Sampling
3,2.8864923819811255,Thompson-Sampling
3,3.807934576060526,Thompson-Sampling
3,4.310732987486493,Thompson-Sampling
3,4.035424125261146,Thompson-Sampling
3,2.4669176475620365,Thompson-Sampling
3,4.4819093494690305,Thompson-Sampling
3,3.1308408170144713,Thompson-Sampling
3,3.6110201801102466,Thompson-Sampling
3,3.160871371448984,Thompson-Sampling
3,3.588413043306676,Thompson-Sampling
3,4.6822694683435,Thompson-Sampling
3,3.6087524860224027,Thompson-Sampling
3,4.395736599399806,Thompson-Sampling
3,3.657616824337345,Thompson-Sampling
3,4.325059724466404,Thompson-Sampling
3,3.7486557004924226,Thompson-Sampling
3,3.235420542003789,Thompson-Sampling
3,3.413099560332121,Thompson-Sampling
3,3.5816250981137028,Thompson-Sampling
3,3.4400659786296464,Thompson-Sampling
3,3.5224325021727316,Thompson-Sampling
3,3.6719740724626617,Thompson-Sampling
3,5.638557336555742,Thompson-Sampling
3,3.3834074517008337,Thompson-Sampling
3,5.171224590177877,Thompson-Sampling
3,5.344111836699904,Thompson-Sampling
3,4.465761746916277,Thompson-Sampling
3,4.360459739920157,Thompson-Sampling
3,3.654777637891053,Thompson-Sampling
3,5.332687311592731,Thompson-Sampling
3,4.21973763227064,Thompson-Sampling
3,4.628394088432046,Thompson-Sampling
3,3.1588865520507263,Thompson-Sampling
3,4.355261782463298,Thompson-Sampling
3,3.2647199469343935,Thompson-Sampling
3,3.587640047206256,Thompson-Sampling
3,2.7085270183267376,Thompson-Sampling
3,5.556927975380107,Thompson-Sampling
3,4.372906130959455,Thompson-Sampling
3,4.092942633004443,Thompson-Sampling
3,3.536787459201931,Thompson-Sampling
3,4.297302698812045,Thompson-Sampling
3,4.570228592309947,Thompson-Sampling
3,4.443152864861693,Thompson-Sampling
3,6.375222293179082,Thompson-Sampling
3,3.4229181905669233,Thompson-Sampling
3,4.17654548971207,Thompson-Sampling
3,2.0454390035663925,Thompson-Sampling
3,5.988829739450205,Thompson-Sampling
3,4.009538063190477,Thompson-Sampling
3,4.473363932128895,Thompson-Sampling
3,4.714104263783685,Thompson-Sampling
3,2.5448317413393644,Thompson-Sampling
3,3.388749919144414,Thompson-Sampling
3,5.350383110563151,Thompson-Sampling
3,4.1902134286280335,Thompson-Sampling
3,1.9532176522628748,Thompson-Sampling
3,0.8597270093601614,Thompson-Sampling
3,3.9704319278660374,Thompson-Sampling
3,3.0108758483123506,Thompson-Sampling
3,3.661873986156166,Thompson-Sampling
3,3.5613722027282524,Thompson-Sampling
3,3.808196166443459,Thompson-Sampling
3,3.2911235289750063,Thompson-Sampling
3,4.60273978576689,Thompson-Sampling
3,3.3052875747907606,Thompson-Sampling
3,4.311342517895949,Thompson-Sampling
3,3.899317653228268,Thompson-Sampling
3,4.134052887994687,Thompson-Sampling
3,4.847793257244384,Thompson-Sampling
3,4.026152261905404,Thompson-Sampling
3,2.3465250349014832,Thompson-Sampling
3,7.231488661678764,Thompson-Sampling
3,3.150471164578424,Thompson-Sampling
3,4.857811353886715,Thompson-Sampling
3,4.831156317521033,Thompson-Sampling
3,4.335251713279286,Thompson-Sampling
3,3.1075926929563282,Thompson-Sampling
3,5.271399302607427,Thompson-Sampling
3,4.726213190030503,Thompson-Sampling
3,3.162701019602355,Thompson-Sampling
3,4.868767793238259,Thompson-Sampling
3,4.832213720647911,Thompson-Sampling
3,4.530726540305014,Thompson-Sampling
3,4.095255371308251,Thompson-Sampling
3,5.816953203879758,Thompson-Sampling
3,2.5287578557677985,Thompson-Sampling
3,3.712229222753882,Thompson-Sampling
3,5.744447590528306,Thompson-Sampling
3,4.2138904504409425,Thompson-Sampling
3,5.229440103352525,Thompson-Sampling
3,5.607790000236011,Thompson-Sampling
3,3.905468793373899,Thompson-Sampling
3,5.997697896885377,Thompson-Sampling
3,4.1925360383779235,Thompson-Sampling
3,4.432716570797212,Thompson-Sampling
3,2.8922066218435782,Thompson-Sampling
3,6.3155628081129755,Thompson-Sampling
3,4.106810730008574,Thompson-Sampling
3,4.346938626412018,Thompson-Sampling
3,4.4956587571761455,Thompson-Sampling
3,6.0130005121112005,Thompson-Sampling
3,3.9913594081628854,Thompson-Sampling
3,4.307528827796786,Thompson-Sampling
3,3.0704202553689335,Thompson-Sampling
3,4.405786190683461,Thompson-Sampling
3,3.428851980581844,Thompson-Sampling
3,3.3987318848483987,Thompson-Sampling
3,4.950256427891534,Thompson-Sampling
3,4.3221396454202745,Thompson-Sampling
3,2.4458666736337706,Thompson-Sampling
3,4.238579851464127,Thompson-Sampling
3,2.560372232612258,Thompson-Sampling
3,2.2576484071847793,Thompson-Sampling
3,4.175392588266022,Thompson-Sampling
3,4.369031227457901,Thompson-Sampling
3,5.218771429909846,Thompson-Sampling
3,5.289529522499269,Thompson-Sampling
3,2.998845071049135,Thompson-Sampling
3,4.608625212249259,Thompson-Sampling
3,5.6870720250250875,Thompson-Sampling
3,2.9207931707232992,Thompson-Sampling
3,4.113874059224463,Thompson-Sampling
3,1.2435191242115016,Thompson-Sampling
3,5.155838737723434,Thompson-Sampling
3,3.9203021341563704,Thompson-Sampling
3,4.618063788910758,Thompson-Sampling
3,3.534839408809135,Thompson-Sampling
3,5.710126961976059,Thompson-Sampling
3,6.075593840388348,Thompson-Sampling
3,4.504846815539706,Thompson-Sampling
3,4.6941209380077185,Thompson-Sampling
3,5.6457649939449395,Thompson-Sampling
3,2.9771472068805327,Thompson-Sampling
3,4.452409192288655,Thompson-Sampling
3,4.780733929897204,Thompson-Sampling
3,4.026691201369737,Thompson-Sampling
3,4.0074065388404705,Thompson-Sampling
3,5.243774757509292,Thompson-Sampling
3,2.712081336517368,Thompson-Sampling
3,3.555358586603699,Thompson-Sampling
3,2.9465507052584425,Thompson-Sampling
3,3.975776029814786,Thompson-Sampling
3,2.634608311991271,Thompson-Sampling
3,3.0732420142989003,Thompson-Sampling
3,5.001115676456319,Thompson-Sampling
3,4.622763253935114,Thompson-Sampling
3,4.451665746774609,Thompson-Sampling
3,4.159701768854802,Thompson-Sampling
3,2.6654639927899098,Thompson-Sampling
3,3.122458513041501,Thompson-Sampling
3,4.76313690969128,Thompson-Sampling
3,4.946094416021537,Thompson-Sampling
3,4.282784562859769,Thompson-Sampling
3,4.388725670935838,Thompson-Sampling
3,3.4648331560930834,Thompson-Sampling
3,2.2043534998849164,Thompson-Sampling
3,1.9358993059817928,Thompson-Sampling
3,4.801461035246763,Thompson-Sampling
3,3.876001205398194,Thompson-Sampling
3,4.719254613902983,Thompson-Sampling
3,5.319231273160572,Thompson-Sampling
3,4.78042461155009,Thompson-Sampling
3,5.04021017805856,Thompson-Sampling
3,3.616613243199249,Thompson-Sampling
3,3.8299045777078526,Thompson-Sampling
3,4.555051341149546,Thompson-Sampling
3,5.067268127758079,Thompson-Sampling
3,4.106773075098883,Thompson-Sampling
3,3.8448273438745733,Thompson-Sampling
3,2.9152102158672815,Thompson-Sampling
3,4.676476520080542,Thompson-Sampling
3,5.089914055832551,Thompson-Sampling
3,2.1988168184010006,Thompson-Sampling
3,3.497254263333386,Thompson-Sampling
3,4.33778115349598,Thompson-Sampling
3,3.703988861629625,Thompson-Sampling
3,4.788987032891127,Thompson-Sampling
3,3.9982707618407356,Thompson-Sampling
3,3.421824565167086,Thompson-Sampling
3,3.2307979703847463,Thompson-Sampling
3,4.185090981469287,Thompson-Sampling
3,3.8816764172859988,Thompson-Sampling
3,2.217543535237663,Thompson-Sampling
3,3.3949781697986836,Thompson-Sampling
3,3.1254861149997706,Thompson-Sampling
3,4.008654255896633,Thompson-Sampling
3,4.746424597234225,Thompson-Sampling
3,3.9946135607513957,Thompson-Sampling
3,3.5960257297490106,Thompson-Sampling
3,4.894302011832003,Thompson-Sampling
3,1.634669865380837,Thompson-Sampling
3,4.161345178065848,Thompson-Sampling
3,4.31788837212296,Thompson-Sampling
3,4.683101577556584,Thompson-Sampling
3,4.48177939199541,Thompson-Sampling
3,2.9805796194484935,Thompson-Sampling
3,6.676991620790153,Thompson-Sampling
3,5.450399538566727,Thompson-Sampling
3,3.621786147800667,Thompson-Sampling
3,5.085861939913128,Thompson-Sampling
3,4.576399794609001,Thompson-Sampling
3,3.759342795654954,Thompson-Sampling
3,3.2926597672018043,Thompson-Sampling
3,2.5474458382732115,Thompson-Sampling
3,4.759549861299985,Thompson-Sampling
3,3.299927350496522,Thompson-Sampling
3,3.5282484443077475,Thompson-Sampling
3,3.0771002966907877,Thompson-Sampling
3,3.7385075377101162,Thompson-Sampling
3,5.1172665334091025,Thompson-Sampling
3,4.028391864700467,Thompson-Sampling
3,4.9067024179070895,Thompson-Sampling
3,3.09527385398858,Thompson-Sampling
3,2.565993256502762,Thompson-Sampling
3,3.993315829299048,Thompson-Sampling
3,4.7793858379396434,Thompson-Sampling
3,4.3228753047632456,Thompson-Sampling
3,3.1714455406198976,Thompson-Sampling
3,2.3919613655001943,Thompson-Sampling
3,4.20039400086534,Thompson-Sampling
3,3.062063882214621,Thompson-Sampling
3,3.8230775117405162,Thompson-Sampling
3,4.594677191618548,Thompson-Sampling
3,3.9109070185840333,Thompson-Sampling
3,4.252287502882618,Thompson-Sampling
3,3.8442092251720155,Thompson-Sampling
3,5.303461424040556,Thompson-Sampling
3,0.2763617997709562,Thompson-Sampling
3,2.6287217416489415,Thompson-Sampling
3,3.455131573199426,Thompson-Sampling
3,5.621932172894145,Thompson-Sampling
3,3.0939042352881527,Thompson-Sampling
3,2.7665060826746375,Thompson-Sampling
3,4.205457373406238,Thompson-Sampling
3,3.4065874911346423,Thompson-Sampling
3,3.4669186997249497,Thompson-Sampling
3,3.5643792072938907,Thompson-Sampling
3,3.054105398609593,Thompson-Sampling
3,3.4513318116580587,Thompson-Sampling
3,5.859421486285632,Thompson-Sampling
3,3.876730105792584,Thompson-Sampling
3,4.962920545709099,Thompson-Sampling
3,4.037636492980891,Thompson-Sampling
3,4.538619187760496,Thompson-Sampling
3,2.190281706231099,Thompson-Sampling
3,3.0460964006127345,Thompson-Sampling
3,5.345029731651948,Thompson-Sampling
3,3.18317456459194,Thompson-Sampling
3,3.5505908014866434,Thompson-Sampling
3,3.9767636586193875,Thompson-Sampling
3,4.567365214637204,Thompson-Sampling
3,3.9898012123199047,Thompson-Sampling
3,4.032692459408299,Thompson-Sampling
3,3.8793587916204655,Thompson-Sampling
3,2.461970318244288,Thompson-Sampling
3,4.105842346351303,Thompson-Sampling
3,4.890414617774072,Thompson-Sampling
3,4.464906301879139,Thompson-Sampling
3,3.5567038569905858,Thompson-Sampling
3,3.8464095845819317,Thompson-Sampling
3,3.9434015566511857,Thompson-Sampling
3,3.5009970348894486,Thompson-Sampling
3,5.434437927624682,Thompson-Sampling
3,4.385347516684637,Thompson-Sampling
3,3.5311405293906093,Thompson-Sampling
3,3.735733269299994,Thompson-Sampling
3,3.389451848348153,Thompson-Sampling
3,3.367607143212096,Thompson-Sampling
3,2.148082392696288,Thompson-Sampling
3,5.006988869930577,Thompson-Sampling
3,5.295651268661434,Thompson-Sampling
3,3.2804402481751125,Thompson-Sampling
3,2.6388296768361847,Thompson-Sampling
3,3.2473263159976407,Thompson-Sampling
3,2.8824415406676067,Thompson-Sampling
3,4.671389744250849,Thompson-Sampling
3,3.083832792146948,Thompson-Sampling
3,2.8950198999000962,Thompson-Sampling
3,2.2505779346931556,Thompson-Sampling
3,5.145003664445417,Thompson-Sampling
3,5.569772565580854,Thompson-Sampling
3,2.6754654542073277,Thompson-Sampling
3,3.5692751374549143,Thompson-Sampling
3,2.542833609647049,Thompson-Sampling
3,3.1278247075752423,Thompson-Sampling
3,4.099366487609173,Thompson-Sampling
3,2.5185168279547643,Thompson-Sampling
3,4.146342563116309,Thompson-Sampling
3,4.225616555171523,Thompson-Sampling
3,3.595024258513075,Thompson-Sampling
3,2.7309792663741623,Thompson-Sampling
3,3.842550473842427,Thompson-Sampling
3,4.2003726374838655,Thompson-Sampling
3,5.440758479015906,Thompson-Sampling
3,4.15978773150429,Thompson-Sampling
3,3.556406387703682,Thompson-Sampling
3,3.488832542457801,Thompson-Sampling
3,4.529868646746914,Thompson-Sampling
3,5.241556185601934,Thompson-Sampling
3,4.5370359681312085,Thompson-Sampling
3,2.8405768205922457,Thompson-Sampling
3,3.257933091153966,Thompson-Sampling
3,6.088608848770214,Thompson-Sampling
3,2.604521983727495,Thompson-Sampling
3,4.357550655138976,Thompson-Sampling
3,4.1953867880088,Thompson-Sampling
3,3.6527648621201494,Thompson-Sampling
3,3.9007112602949663,Thompson-Sampling
3,5.12002501016693,Thompson-Sampling
3,2.7584786309803047,Thompson-Sampling
3,5.245977798704858,Thompson-Sampling
3,5.049741811559246,Thompson-Sampling
3,4.273897160997651,Thompson-Sampling
3,3.8574931787954934,Thompson-Sampling
3,3.6065615397874686,Thompson-Sampling
3,5.410771929186378,Thompson-Sampling
3,5.283777568273676,Thompson-Sampling
3,3.2921916054178677,Thompson-Sampling
3,3.245250918632387,Thompson-Sampling
3,3.7713341789424866,Thompson-Sampling
3,4.046898906656858,Thompson-Sampling
3,4.50412103206173,Thompson-Sampling
3,1.8459334067987312,Thompson-Sampling
3,3.242253912374824,Thompson-Sampling
3,3.589624768917747,Thompson-Sampling
3,3.083938649074632,Thompson-Sampling
3,5.503828861425993,Thompson-Sampling
3,1.5284934566744295,Thompson-Sampling
3,2.4880389069193574,Thompson-Sampling
3,2.26988745225766,Thompson-Sampling
3,4.216874423037799,Thompson-Sampling
3,4.211134834533731,Thompson-Sampling
3,3.443494446321147,Thompson-Sampling
3,3.525960805376142,Thompson-Sampling
3,5.112488530673759,Thompson-Sampling
3,4.619291157364895,Thompson-Sampling
3,3.46959092458652,Thompson-Sampling
3,4.090733965544588,Thompson-Sampling
3,2.8161308449988,Thompson-Sampling
3,4.975802457391268,Thompson-Sampling
3,4.46440964963862,Thompson-Sampling
3,4.456304016774065,Thompson-Sampling
3,6.803517911192637,Thompson-Sampling
3,4.022084337603068,Thompson-Sampling
3,4.302273040907907,Thompson-Sampling
3,3.709711025337621,Thompson-Sampling
3,3.1637080282102064,Thompson-Sampling
3,2.4057576063338297,Thompson-Sampling
3,5.215490655553813,Thompson-Sampling
3,4.340069112553101,Thompson-Sampling
3,5.093356887231775,Thompson-Sampling
3,3.4717204428212547,Thompson-Sampling
3,3.9614535923539287,Thompson-Sampling
3,1.9605732578435502,Thompson-Sampling
3,5.330159685226114,Thompson-Sampling
3,4.002199025315829,Thompson-Sampling
3,4.584465235583351,Thompson-Sampling
3,2.573092887844175,Thompson-Sampling
3,1.4843514752688285,Thompson-Sampling
3,3.3739128444091246,Thompson-Sampling
3,3.59390118714797,Thompson-Sampling
3,2.53608181299463,Thompson-Sampling
3,4.873359708855057,Thompson-Sampling
3,3.8163005798300227,Thompson-Sampling
3,3.6819923972003936,Thompson-Sampling
3,5.355907471471857,Thompson-Sampling
3,4.220627060341394,Thompson-Sampling
3,5.5465557753638155,Thompson-Sampling
3,4.51482434406369,Thompson-Sampling
3,2.2017002982373217,Thompson-Sampling
3,5.376132358567109,Thompson-Sampling
3,3.54714373678091,Thompson-Sampling
3,4.300952279115442,Thompson-Sampling
3,3.8397111927048084,Thompson-Sampling
3,5.309983743819806,Thompson-Sampling
3,3.108134511991154,Thompson-Sampling
3,4.588176557349508,Thompson-Sampling
3,5.139468045114795,Thompson-Sampling
3,5.811991909107114,Thompson-Sampling
3,4.473518362993017,Thompson-Sampling
3,3.652520469805306,Thompson-Sampling
3,3.1814270392011084,Thompson-Sampling
3,5.817487589934156,Thompson-Sampling
3,2.4686859175522344,Thompson-Sampling
3,5.0688115962826465,Thompson-Sampling
3,4.428460488655565,Thompson-Sampling
3,5.471643052429506,Thompson-Sampling
3,3.9370469743540744,Thompson-Sampling
3,2.6914844653620777,Thompson-Sampling
3,2.290742058737659,Thompson-Sampling
3,3.3041611661307733,Thompson-Sampling
3,3.6741325424676896,Thompson-Sampling
3,4.347546633871918,Thompson-Sampling
3,3.661998509749799,Thompson-Sampling
3,3.037766066806563,Thompson-Sampling
3,2.520662250988265,Thompson-Sampling
3,3.6644959495330274,Thompson-Sampling
3,2.876488309698302,Thompson-Sampling
3,5.559718302154815,Thompson-Sampling
3,3.951838568028518,Thompson-Sampling
3,3.9795085736562466,Thompson-Sampling
3,3.7851856993312287,Thompson-Sampling
3,3.8538494470135585,Thompson-Sampling
3,3.7581844393505244,Thompson-Sampling
3,5.517845551560267,Thompson-Sampling
3,3.209628983398495,Thompson-Sampling
3,4.432044178959547,Thompson-Sampling
3,4.70648119213575,Thompson-Sampling
3,4.658128126161921,Thompson-Sampling
3,3.2397178757403307,Thompson-Sampling
3,2.8435847039069344,Thompson-Sampling
3,2.8212702810101264,Thompson-Sampling
3,3.624220290515665,Thompson-Sampling
3,4.1716765905480475,Thompson-Sampling
3,3.0943761118029247,Thompson-Sampling
3,3.7541410013674152,Thompson-Sampling
3,3.792343959454675,Thompson-Sampling
3,2.162196203722802,Thompson-Sampling
3,2.4769028064161915,Thompson-Sampling
3,2.8051001481891404,Thompson-Sampling
3,4.105797771020407,Thompson-Sampling
3,4.06822596947699,Thompson-Sampling
3,4.28140047169503,Thompson-Sampling
3,5.130585884893606,Thompson-Sampling
3,6.155095101910682,Thompson-Sampling
3,4.588063460533074,Thompson-Sampling
3,5.01612680646391,Thompson-Sampling
3,4.27477826955023,Thompson-Sampling
3,5.393733060174597,Thompson-Sampling
3,3.624010940765648,Thompson-Sampling
3,4.328065538916572,Thompson-Sampling
3,3.707790215720582,Thompson-Sampling
3,6.211598003514897,Thompson-Sampling
3,4.667018400109883,Thompson-Sampling
3,5.233241673044903,Thompson-Sampling
3,5.207029625954588,Thompson-Sampling
3,5.765839668601004,Thompson-Sampling
3,4.714101485569627,Thompson-Sampling
3,3.203484211127689,Thompson-Sampling
3,5.212446743252974,Thompson-Sampling
3,3.3829072258894572,Thompson-Sampling
3,3.8437895731614584,Thompson-Sampling
3,4.370997167855814,Thompson-Sampling
3,3.7337819236938117,Thompson-Sampling
3,4.678712867920373,Thompson-Sampling
3,4.47031072152449,Thompson-Sampling
3,4.453060540620118,Thompson-Sampling
3,5.354459890701813,Thompson-Sampling
3,3.297917318136621,Thompson-Sampling
3,5.133772674737412,Thompson-Sampling
3,4.333239439852612,Thompson-Sampling
3,7.00743455059982,Thompson-Sampling
3,2.520403112344898,Thompson-Sampling
3,4.670670852467675,Thompson-Sampling
3,4.72805620457973,Thompson-Sampling
3,1.366472423084499,Thompson-Sampling
3,2.729573231508041,Thompson-Sampling
3,3.6761022203867633,Thompson-Sampling
3,3.8088929758355476,Thompson-Sampling
3,4.910311747958346,Thompson-Sampling
3,2.938157190394322,Thompson-Sampling
3,4.657737825875355,Thompson-Sampling
3,3.117726826604935,Thompson-Sampling
3,3.4561630718493808,Thompson-Sampling
3,3.692250919061772,Thompson-Sampling
3,4.789269608844845,Thompson-Sampling
3,2.9524016218347233,Thompson-Sampling
3,5.515547814320598,Thompson-Sampling
3,4.753924327667676,Thompson-Sampling
3,3.108901118561103,Thompson-Sampling
3,3.3401269709365993,Thompson-Sampling
3,5.724436160048645,Thompson-Sampling
3,4.515895180310526,Thompson-Sampling
3,5.387916336514106,Thompson-Sampling
3,4.581885394557931,Thompson-Sampling
3,4.243657042932488,Thompson-Sampling
3,4.182607606564168,Thompson-Sampling
3,4.375976695036511,Thompson-Sampling
3,4.751764817001837,Thompson-Sampling
3,3.9507345798640854,Thompson-Sampling
3,4.374073615805478,Thompson-Sampling
3,3.9300279804150158,Thompson-Sampling
3,3.7823266569654512,Thompson-Sampling
3,3.9009477037671516,Thompson-Sampling
3,3.42587435501796,Thompson-Sampling
3,4.681887771826473,Thompson-Sampling
3,5.9772065364876035,Thompson-Sampling
3,3.0541207341509677,Thompson-Sampling
3,4.351846756973888,Thompson-Sampling
3,2.3205571785730985,Thompson-Sampling
3,4.617720368194303,Thompson-Sampling
3,4.382972289985254,Thompson-Sampling
3,5.098535061041413,Thompson-Sampling
3,3.0120610909724097,Thompson-Sampling
3,3.309486758152164,Thompson-Sampling
3,3.825624773850825,Thompson-Sampling
3,3.0082917938264426,Thompson-Sampling
3,3.084209834254883,Thompson-Sampling
3,4.355825765179662,Thompson-Sampling
3,5.309018706408662,Thompson-Sampling
3,4.325548136454555,Thompson-Sampling
3,3.127025281721771,Thompson-Sampling
3,4.744285585212117,Thompson-Sampling
3,5.859056166160466,Thompson-Sampling
3,4.492675166884974,Thompson-Sampling
3,3.7025031515118405,Thompson-Sampling
3,4.29229381934001,Thompson-Sampling
3,3.903756529884974,Thompson-Sampling
3,6.047688793923674,Thompson-Sampling
3,5.081347735207044,Thompson-Sampling
3,5.2486486513673265,Thompson-Sampling
3,3.961543392048157,Thompson-Sampling
3,2.6330382568093764,Thompson-Sampling
3,4.224093508745873,Thompson-Sampling
3,2.5561212011314867,Thompson-Sampling
3,3.6486734180617395,Thompson-Sampling
3,2.8881496641706983,Thompson-Sampling
3,3.3597953576187254,Thompson-Sampling
3,2.5685343832174565,Thompson-Sampling
3,4.780316842848101,Thompson-Sampling
3,2.050514547555486,Thompson-Sampling
3,3.065993378731375,Thompson-Sampling
3,4.451285227053653,Thompson-Sampling
3,4.56744045119179,Thompson-Sampling
3,2.4721210738998813,Thompson-Sampling
3,0.4749627659769007,Thompson-Sampling
3,3.047568717595194,Thompson-Sampling
3,3.955012707221949,Thompson-Sampling
3,4.089133773110321,Thompson-Sampling
3,4.59197380824741,Thompson-Sampling
3,4.09664449453428,Thompson-Sampling
3,5.816733446946092,Thompson-Sampling
3,4.920642797056639,Thompson-Sampling
3,5.188209467684134,Thompson-Sampling
3,4.22900627668623,Thompson-Sampling
3,4.651244456517795,Thompson-Sampling
3,3.5453981071050036,Thompson-Sampling
3,2.3058191264789336,Thompson-Sampling
3,4.661507436471822,Thompson-Sampling
3,4.5559888989082395,Thompson-Sampling
3,3.1755649088091533,Thompson-Sampling
3,5.013321666995148,Thompson-Sampling
3,3.3450648533271075,Thompson-Sampling
3,4.601583534181879,Thompson-Sampling
3,3.870841629980316,Thompson-Sampling
3,5.07849052910305,Thompson-Sampling
3,4.637814705887662,Thompson-Sampling
3,3.472955630306428,Thompson-Sampling
3,5.021157257921998,Thompson-Sampling
3,5.343295627164643,Thompson-Sampling
3,4.348243594944931,Thompson-Sampling
3,3.1232703427335426,Thompson-Sampling
3,5.25668342947072,Thompson-Sampling
3,3.9956299512960776,Thompson-Sampling
3,3.901289207104031,Thompson-Sampling
3,3.6576735816482624,Thompson-Sampling
3,4.36587922992726,Thompson-Sampling
3,5.357043000742712,Thompson-Sampling
3,3.7768544393543584,Thompson-Sampling
3,3.4899820798717727,Thompson-Sampling
3,3.933387019506003,Thompson-Sampling
3,4.038235749419232,Thompson-Sampling
3,3.5261318242060784,Thompson-Sampling
3,4.868179041069608,Thompson-Sampling
3,3.886471178057066,Thompson-Sampling
3,3.234981514949303,Thompson-Sampling
3,4.496316574436398,Thompson-Sampling
3,2.3853575505118005,Thompson-Sampling
3,2.4881702893041897,Thompson-Sampling
3,3.78975956450185,Thompson-Sampling
3,3.2180093079945187,Thompson-Sampling
3,3.6801786815820727,Thompson-Sampling
3,3.6050095092277785,Thompson-Sampling
3,3.4297256031800503,Thompson-Sampling
3,3.265037414495265,Thompson-Sampling
3,4.299027390970597,Thompson-Sampling
3,1.905058170528486,Thompson-Sampling
3,4.9960711363227555,Thompson-Sampling
3,3.8709292267335234,Thompson-Sampling
3,3.485897637464774,Thompson-Sampling
3,3.937896327805477,Thompson-Sampling
3,3.7507554306129127,Thompson-Sampling
3,3.3239765000154424,Thompson-Sampling
3,3.4029207379375443,Thompson-Sampling
3,4.799824400205686,Thompson-Sampling
3,3.9956302765501612,Thompson-Sampling
3,5.457531597081919,Thompson-Sampling
3,4.978234071786355,Thompson-Sampling
3,2.7976374476611365,Thompson-Sampling
3,3.7158946820643926,Thompson-Sampling
3,4.027821263131987,Thompson-Sampling
3,3.1706579179760026,Thompson-Sampling
3,4.7875421402294025,Thompson-Sampling
3,3.805515003542451,Thompson-Sampling
3,4.442296102141443,Thompson-Sampling
3,4.484136048451396,Thompson-Sampling
3,3.7081093478160687,Thompson-Sampling
3,3.004862492126223,Thompson-Sampling
3,5.897379812508439,Thompson-Sampling
3,3.168889271404571,Thompson-Sampling
3,4.447245853436114,Thompson-Sampling
3,2.78204661205275,Thompson-Sampling
3,4.05862782051654,Thompson-Sampling
3,4.314701044116304,Thompson-Sampling
3,4.051171085659114,Thompson-Sampling
3,3.8562442313592915,Thompson-Sampling
3,4.670672499789309,Thompson-Sampling
3,4.972643474778696,Thompson-Sampling
3,3.8299594498283267,Thompson-Sampling
3,2.8008033625808784,Thompson-Sampling
3,4.964628183246078,Thompson-Sampling
3,5.6064176658805716,Thompson-Sampling
3,3.8899355055907203,Thompson-Sampling
3,4.745384953019682,Thompson-Sampling
3,4.363031770024771,Thompson-Sampling
3,3.3627045864736287,Thompson-Sampling
3,3.366764532342754,Thompson-Sampling
3,1.950718449207622,Thompson-Sampling
3,4.75722443892477,Thompson-Sampling
3,3.4963275297794123,Thompson-Sampling
3,5.561223110065718,Thompson-Sampling
3,4.525880066708657,Thompson-Sampling
3,4.491646070003069,Thompson-Sampling
3,4.426971774799326,Thompson-Sampling
3,4.4556998653011775,Thompson-Sampling
3,5.096053485779111,Thompson-Sampling
3,4.8904347594085,Thompson-Sampling
3,3.5567722217755926,Thompson-Sampling
3,4.023911830888586,Thompson-Sampling
3,4.097800339696614,Thompson-Sampling
3,2.7711728722819147,Thompson-Sampling
3,3.9388312278260234,Thompson-Sampling
3,4.100642607316603,Thompson-Sampling
3,4.313931361240848,Thompson-Sampling
3,3.4435965190545454,Thompson-Sampling
3,2.5480620393779634,Thompson-Sampling
3,4.593137555824541,Thompson-Sampling
3,3.539089025858766,Thompson-Sampling
3,5.123419821608469,Thompson-Sampling
3,2.9616899770629894,Thompson-Sampling
3,4.341159911960239,Thompson-Sampling
3,4.130808763800068,Thompson-Sampling
3,2.530196330681495,Thompson-Sampling
3,4.4199322166891735,Thompson-Sampling
3,3.1855910900946345,Thompson-Sampling
3,4.242644588256962,Thompson-Sampling
3,4.867558083525721,Thompson-Sampling
3,4.72263911161663,Thompson-Sampling
3,2.284487854806843,Thompson-Sampling
3,4.0844302536544665,Thompson-Sampling
3,3.3695423605966974,Thompson-Sampling
3,4.985456306699801,Thompson-Sampling
3,1.9477648233091807,Thompson-Sampling
3,3.320413364099842,Thompson-Sampling
3,3.0742670396204086,Thompson-Sampling
3,3.9750715961540233,Thompson-Sampling
3,3.5627074151519356,Thompson-Sampling
3,4.318187977660021,Thompson-Sampling
3,4.483913223837463,Thompson-Sampling
3,3.282130916765018,Thompson-Sampling
3,4.380331715645765,Thompson-Sampling
3,6.667501801911301,Thompson-Sampling
3,3.817325610878294,Thompson-Sampling
3,6.123142087466428,Thompson-Sampling
3,2.5074787228727926,Thompson-Sampling
3,5.739348890410707,Thompson-Sampling
3,3.9277083658693157,Thompson-Sampling
3,5.073370466370878,Thompson-Sampling
3,2.641081838069046,Thompson-Sampling
3,4.503782686864602,Thompson-Sampling
3,3.3124980512177395,Thompson-Sampling
3,5.541177315057135,Thompson-Sampling
3,2.852994613563299,Thompson-Sampling
3,4.697721751464493,Thompson-Sampling
3,4.7986415646017,Thompson-Sampling
3,2.335996297283735,Thompson-Sampling
3,1.5303674331576982,Thompson-Sampling
3,4.46596992334069,Thompson-Sampling
3,2.692159258061058,Thompson-Sampling
3,4.094238491976286,Thompson-Sampling
3,4.394808676246875,Thompson-Sampling
3,2.44106104323017,Thompson-Sampling
3,5.379242129740459,Thompson-Sampling
3,5.582384620573688,Thompson-Sampling
3,4.167921602518216,Thompson-Sampling
3,4.449815572827799,Thompson-Sampling
3,4.183335409368839,Thompson-Sampling
3,4.089421325663606,Thompson-Sampling
3,4.932680763467578,Thompson-Sampling
3,6.3562829612836875,Thompson-Sampling
3,5.446320296418378,Thompson-Sampling
3,4.714485020991724,Thompson-Sampling
3,3.5327537013365746,Thompson-Sampling
3,6.353760037711197,Thompson-Sampling
3,2.541770474261806,Thompson-Sampling
3,4.044607361119753,Thompson-Sampling
3,3.6749415213521766,Thompson-Sampling
3,3.5442596382310207,Thompson-Sampling
3,3.7091507443888743,Thompson-Sampling
3,3.9064803091968785,Thompson-Sampling
3,5.096996012776831,Thompson-Sampling
3,5.832098718729363,Thompson-Sampling
3,3.334519299209399,Thompson-Sampling
3,3.8654141771097836,Thompson-Sampling
3,1.5051926458225902,Thompson-Sampling
3,4.337789914256659,Thompson-Sampling
3,6.334153413766064,Thompson-Sampling
3,4.3165780098481275,Thompson-Sampling
3,3.017754846117965,Thompson-Sampling
3,4.27711674956741,Thompson-Sampling
3,2.407258477256721,Thompson-Sampling
3,3.170889531421658,Thompson-Sampling
3,3.7237910258724063,Thompson-Sampling
3,2.798888463364647,Thompson-Sampling
3,4.291007908982514,Thompson-Sampling
3,2.6922412668382454,Thompson-Sampling
3,2.9082869739065953,Thompson-Sampling
3,5.2996010941083345,Thompson-Sampling
3,4.762571619785141,Thompson-Sampling
3,4.678975195663452,Thompson-Sampling
3,4.722021966762268,Thompson-Sampling
3,3.1974274741548445,Thompson-Sampling
3,3.688608425554614,Thompson-Sampling
3,5.095872765245997,Thompson-Sampling
3,3.390425764726601,Thompson-Sampling
3,3.6627321937158057,Thompson-Sampling
3,3.0041812474487046,Thompson-Sampling
3,4.146026045177203,Thompson-Sampling
3,4.099084580967559,Thompson-Sampling
3,2.2305684745829986,Thompson-Sampling
3,6.130639566252881,Thompson-Sampling
3,4.185094515977766,Thompson-Sampling
3,5.629546286779202,Thompson-Sampling
3,3.616889367224238,Thompson-Sampling
3,3.961926847791641,Thompson-Sampling
3,5.920532311288186,Thompson-Sampling
3,3.2987515333667123,Thompson-Sampling
3,3.9235490245759306,Thompson-Sampling
3,2.7824535103403223,Thompson-Sampling
3,3.8953757072971116,Thompson-Sampling
3,3.3696683522154665,Thompson-Sampling
3,4.59961772297204,Thompson-Sampling
3,4.546475015525732,Thompson-Sampling
3,4.530670460311924,Thompson-Sampling
3,3.372263217430172,Thompson-Sampling
3,2.205449724088393,Thompson-Sampling
3,4.387118065153756,Thompson-Sampling
3,1.9529348637069646,Thompson-Sampling
3,3.1507417997064437,Thompson-Sampling
3,4.514007171042358,Thompson-Sampling
3,2.700170276375399,Thompson-Sampling
3,4.434095888785917,Thompson-Sampling
3,3.6494097172030737,Thompson-Sampling
3,3.3270644665259783,Thompson-Sampling
3,4.082981725535857,Thompson-Sampling
3,3.2418147647005804,Thompson-Sampling
3,5.276918973436475,Thompson-Sampling
3,4.52819072841083,Thompson-Sampling
3,3.859116959062511,Thompson-Sampling
3,3.795749473004072,Thompson-Sampling
3,5.227261912059891,Thompson-Sampling
3,2.7758888669291517,Thompson-Sampling
3,4.449983093190959,Thompson-Sampling
3,4.552191457040705,Thompson-Sampling
3,5.285442310621926,Thompson-Sampling
3,3.8473552895301557,Thompson-Sampling
3,3.764024432427865,Thompson-Sampling
3,4.783573368086208,Thompson-Sampling
3,3.1840787296047433,Thompson-Sampling
3,4.051152190669725,Thompson-Sampling
3,4.16827785512977,Thompson-Sampling
3,2.9882363328146067,Thompson-Sampling
3,2.8857306826313383,Thompson-Sampling
3,3.394393482414058,Thompson-Sampling
3,6.151990575253443,Thompson-Sampling
3,2.8425386918942785,Thompson-Sampling
3,3.8348187860623426,Thompson-Sampling
3,3.431822163583673,Thompson-Sampling
3,3.95899872457542,Thompson-Sampling
3,2.910134110627877,Thompson-Sampling
3,4.246289345882543,Thompson-Sampling
3,2.2157500785148265,Thompson-Sampling
3,4.441882785797831,Thompson-Sampling
3,3.19947506823652,Thompson-Sampling
3,2.4816609941600207,Thompson-Sampling
3,3.2951198817117895,Thompson-Sampling
3,4.17727048868934,Thompson-Sampling
3,5.7396272901171645,Thompson-Sampling
3,3.2465753070238397,Thompson-Sampling
3,3.1573638219448363,Thompson-Sampling
3,3.983238162770687,Thompson-Sampling
3,4.323767214807642,Thompson-Sampling
3,5.344998316439559,Thompson-Sampling
3,2.0055578138613708,Thompson-Sampling
3,4.517262804857043,Thompson-Sampling
3,5.3461833171217945,Thompson-Sampling
3,1.7235058286552785,Thompson-Sampling
3,4.397174948817281,Thompson-Sampling
3,4.017888104202348,Thompson-Sampling
3,2.574921954812556,Thompson-Sampling
3,6.107090599328235,Thompson-Sampling
3,3.284160501077211,Thompson-Sampling
3,3.3037854286360884,Thompson-Sampling
3,2.619031563138501,Thompson-Sampling
3,3.7041416729021384,Thompson-Sampling
3,4.492885302512576,Thompson-Sampling
3,3.546754776761305,Thompson-Sampling
3,2.938154575919687,Thompson-Sampling
3,2.8157120444351005,Thompson-Sampling
3,4.413642932450991,Thompson-Sampling
3,5.412244380481557,Thompson-Sampling
3,3.145910151920818,Thompson-Sampling
3,4.504708112258739,Thompson-Sampling
3,3.16256684914529,Thompson-Sampling
3,4.308581702048591,Thompson-Sampling
3,5.251271650828992,Thompson-Sampling
3,4.126102563381968,Thompson-Sampling
3,4.237745440611061,Thompson-Sampling
3,3.648255740982685,Thompson-Sampling
3,3.8279561725756066,Thompson-Sampling
3,3.6472365341740858,Thompson-Sampling
3,3.625202993306703,Thompson-Sampling
3,4.153756791412459,Thompson-Sampling
3,3.4183974227272684,Thompson-Sampling
3,3.2450820775301965,Thompson-Sampling
3,3.8374614493368684,Thompson-Sampling
3,3.9940716053897685,Thompson-Sampling
3,4.07294963974543,Thompson-Sampling
3,4.880905827064394,Thompson-Sampling
3,3.62465488528116,Thompson-Sampling
3,6.001114708065559,Thompson-Sampling
3,4.74576214859238,Thompson-Sampling
3,4.250349054555285,Thompson-Sampling
3,5.513167255055357,Thompson-Sampling
3,3.118236259040687,Thompson-Sampling
3,4.031047974518091,Thompson-Sampling
3,1.642789888972843,Thompson-Sampling
3,3.636296439449433,Thompson-Sampling
3,1.5188525456262485,Thompson-Sampling
3,4.356660925508889,Thompson-Sampling
3,3.7154800685110425,Thompson-Sampling
3,6.220201986213635,Thompson-Sampling
3,4.194420384929241,Thompson-Sampling
3,5.059808272040328,Thompson-Sampling
3,3.1984280096830395,Thompson-Sampling
3,4.604142710259376,Thompson-Sampling
3,4.28962158738742,Thompson-Sampling
3,3.8706665559760927,Thompson-Sampling
3,5.1621898057547355,Thompson-Sampling
3,3.7587634759306505,Thompson-Sampling
3,3.7956522966092865,Thompson-Sampling
3,5.036108239314403,Thompson-Sampling
3,4.364702600460506,Thompson-Sampling
3,3.7932937470674735,Thompson-Sampling
3,4.334054120958723,Thompson-Sampling
3,4.960984033218087,Thompson-Sampling
3,3.081079401604325,Thompson-Sampling
3,4.073861751589081,Thompson-Sampling
3,3.7278973702386513,Thompson-Sampling
3,5.006802348404666,Thompson-Sampling
3,2.40210641027239,Thompson-Sampling
3,3.1361704814915536,Thompson-Sampling
3,3.104227306507806,Thompson-Sampling
3,4.434489774751962,Thompson-Sampling
3,5.888925270126038,Thompson-Sampling
3,5.594378035422192,Thompson-Sampling
3,3.788631843280747,Thompson-Sampling
3,1.1519714989665815,Thompson-Sampling
3,1.9665690832400857,Thompson-Sampling
3,3.4172931614573097,Thompson-Sampling
3,4.1762443080046765,Thompson-Sampling
3,2.854446555818249,Thompson-Sampling
3,3.8623620170044477,Thompson-Sampling
3,3.2392514625674766,Thompson-Sampling
3,3.8528410593269857,Thompson-Sampling
3,3.391824472130094,Thompson-Sampling
3,2.993801764129838,Thompson-Sampling
3,4.544136423130087,Thompson-Sampling
3,4.127104118945049,Thompson-Sampling
3,1.9843629866812642,Thompson-Sampling
3,4.817571643174289,Thompson-Sampling
3,4.0405649476922765,Thompson-Sampling
3,5.618357071718092,Thompson-Sampling
3,3.9398936474974757,Thompson-Sampling
3,3.609942336749275,Thompson-Sampling
3,4.24871477855967,Thompson-Sampling
3,3.7400559751106575,Thompson-Sampling
3,4.219202496205319,Thompson-Sampling
3,5.213758985086347,Thompson-Sampling
3,3.6731361939190803,Thompson-Sampling
3,3.9099831797549163,Thompson-Sampling
3,3.9422965428236103,Thompson-Sampling
3,4.094595652758121,Thompson-Sampling
3,3.2834060956712827,Thompson-Sampling
3,3.2554966366490916,Thompson-Sampling
3,4.234187241244602,Thompson-Sampling
3,3.1078021325061673,Thompson-Sampling
3,4.527119235873096,Thompson-Sampling
3,3.9930129566371826,Thompson-Sampling
3,4.819169048974109,Thompson-Sampling
3,3.9551166878877173,Thompson-Sampling
3,3.043068088997281,Thompson-Sampling
3,5.480793805710092,Thompson-Sampling
3,3.651251848384881,Thompson-Sampling
3,2.9081702156929685,Thompson-Sampling
3,1.7902169678219613,Thompson-Sampling
3,3.757037476748068,Thompson-Sampling
3,2.4832687660060224,Thompson-Sampling
3,4.376860927506837,Thompson-Sampling
3,3.69436229517135,Thompson-Sampling
3,5.014633192188248,Thompson-Sampling
3,4.121629056913949,Thompson-Sampling
3,5.172542284320391,Thompson-Sampling
3,1.747275267061593,Thompson-Sampling
3,3.9468162411337877,Thompson-Sampling
3,3.9072897128935113,Thompson-Sampling
3,4.260632396141108,Thompson-Sampling
3,3.0184907073954563,Thompson-Sampling
3,4.063720546563852,Thompson-Sampling
3,4.5643283993192965,Thompson-Sampling
3,3.8379922519214724,Thompson-Sampling
3,4.0202008032390735,Thompson-Sampling
3,2.6641298569377705,Thompson-Sampling
3,2.7812768605399363,Thompson-Sampling
3,4.413685122749396,Thompson-Sampling
3,3.6831105519595426,Thompson-Sampling
3,4.221517164299475,Thompson-Sampling
3,4.939446683107038,Thompson-Sampling
3,3.3723215261861688,Thompson-Sampling
3,4.385581309861078,Thompson-Sampling
3,4.503629263153835,Thompson-Sampling
3,5.329878164932056,Thompson-Sampling
3,4.003366860504765,Thompson-Sampling
3,1.7061776487633153,Thompson-Sampling
3,4.7376625703486575,Thompson-Sampling
3,4.246880577777013,Thompson-Sampling
3,4.851210130332885,Thompson-Sampling
3,4.598894069818805,Thompson-Sampling
3,5.012484396804752,Thompson-Sampling
3,3.6067697537883556,Thompson-Sampling
3,4.049972313830261,Thompson-Sampling
3,4.7790693436356735,Thompson-Sampling
3,4.790796575352468,Thompson-Sampling
3,5.741955792158638,Thompson-Sampling
3,4.718654318735948,Thompson-Sampling
3,4.278211940128208,Thompson-Sampling
3,4.857957741195767,Thompson-Sampling
3,3.2140935593512094,Thompson-Sampling
3,3.4752648451022523,Thompson-Sampling
3,2.5333136687643067,Thompson-Sampling
3,4.538558230102619,Thompson-Sampling
3,4.487311474087973,Thompson-Sampling
3,2.351471174894481,Thompson-Sampling
3,4.339083866266869,Thompson-Sampling
3,2.4694422868734556,Thompson-Sampling
3,4.131896143583082,Thompson-Sampling
3,4.851476747857212,Thompson-Sampling
3,3.2420011590745927,Thompson-Sampling
3,4.797299767216044,Thompson-Sampling
3,1.4270269371194728,Thompson-Sampling
3,6.510722422031016,Thompson-Sampling
3,4.75933660676131,Thompson-Sampling
3,4.71358122854268,Thompson-Sampling
3,4.3750081701873675,Thompson-Sampling
3,5.337447716058556,Thompson-Sampling
3,3.5860114568401418,Thompson-Sampling
3,3.811997663561236,Thompson-Sampling
3,3.588988081706258,Thompson-Sampling
3,5.076255742116447,Thompson-Sampling
3,3.193131920186753,Thompson-Sampling
3,4.608396334076383,Thompson-Sampling
3,3.4307824515773175,Thompson-Sampling
3,3.8266795268159557,Thompson-Sampling
3,2.8468538509539165,Thompson-Sampling
3,3.242628953865205,Thompson-Sampling
3,2.8905719043848475,Thompson-Sampling
3,3.7092778273552804,Thompson-Sampling
3,4.543911020182319,Thompson-Sampling
3,2.3370962332040204,Thompson-Sampling
3,4.004089473891841,Thompson-Sampling
3,3.2825667487905728,Thompson-Sampling
3,4.801590017850465,Thompson-Sampling
3,4.111778654307139,Thompson-Sampling
3,4.357817188700678,Thompson-Sampling
3,4.082928469409592,Thompson-Sampling
3,3.7747644817582877,Thompson-Sampling
3,3.8393079454941454,Thompson-Sampling
3,6.703296636196408,Thompson-Sampling
3,5.336599960708386,Thompson-Sampling
3,4.276669358105551,Thompson-Sampling
3,3.4530852723579146,Thompson-Sampling
3,2.074047516157328,Thompson-Sampling
3,2.2536929719114807,Thompson-Sampling
3,3.5281776221769103,Thompson-Sampling
3,1.9356384247778893,Thompson-Sampling
3,5.093692449049925,Thompson-Sampling
3,5.297650030055803,Thompson-Sampling
3,3.277035805050553,Thompson-Sampling
3,4.930497086988165,Thompson-Sampling
3,3.472085348632354,Thompson-Sampling
3,3.660489251376823,Thompson-Sampling
3,4.914135121384839,Thompson-Sampling
3,5.565246340292252,Thompson-Sampling
3,3.3097225251878517,Thompson-Sampling
3,5.21130495297672,Thompson-Sampling
3,3.735898267626749,Thompson-Sampling
3,5.182610052503533,Thompson-Sampling
3,5.541153249691266,Thompson-Sampling
3,3.733696230183301,Thompson-Sampling
3,3.5717922563638425,Thompson-Sampling
3,4.429814433703731,Thompson-Sampling
3,3.994989578950652,Thompson-Sampling
3,2.85942315662863,Thompson-Sampling
3,2.1225763222349565,Thompson-Sampling
3,3.44142021193811,Thompson-Sampling
3,6.562155325684638,Thompson-Sampling
3,2.9257228267086037,Thompson-Sampling
3,5.425512073758763,Thompson-Sampling
3,3.384251205885604,Thompson-Sampling
3,3.902260343246647,Thompson-Sampling
3,4.088601770346566,Thompson-Sampling
3,3.021730281670521,Thompson-Sampling
3,4.990604002468524,Thompson-Sampling
3,3.790358765947643,Thompson-Sampling
3,6.738964998536399,Thompson-Sampling
3,3.215582675507411,Thompson-Sampling
3,4.6437184806574985,Thompson-Sampling
3,5.452341850285445,Thompson-Sampling
3,3.4250076422784637,Thompson-Sampling
3,3.7587274995742748,Thompson-Sampling
3,5.324336604532028,Thompson-Sampling
3,5.933678667600779,Thompson-Sampling
3,3.4289815323889323,Thompson-Sampling
3,3.087721904714423,Thompson-Sampling
3,1.7541857007307042,Thompson-Sampling
3,4.486215856135703,Thompson-Sampling
3,3.4824831092995643,Thompson-Sampling
3,2.7260150914369605,Thompson-Sampling
3,3.4512873325771123,Thompson-Sampling
3,4.3048461440234576,Thompson-Sampling
3,2.6797081799079416,Thompson-Sampling
3,6.076253458912191,Thompson-Sampling
3,3.7586462234201647,Thompson-Sampling
3,3.3377349101944573,Thompson-Sampling
3,5.408044225911904,Thompson-Sampling
3,3.8871309936258784,Thompson-Sampling
3,3.7260952179787923,Thompson-Sampling
3,5.0528398181295175,Thompson-Sampling
3,3.4228570847763042,Thompson-Sampling
3,3.2142139679148984,Thompson-Sampling
3,4.315405782838942,Thompson-Sampling
3,3.814797949648112,Thompson-Sampling
3,2.5092855964277287,Thompson-Sampling
3,5.494386964859861,Thompson-Sampling
3,4.310960087706359,Thompson-Sampling
3,3.7339837884186764,Thompson-Sampling
3,3.9107218584861387,Thompson-Sampling
3,2.8343554899617525,Thompson-Sampling
3,4.849737099462614,Thompson-Sampling
3,5.560404739008,Thompson-Sampling
3,4.988357437680762,Thompson-Sampling
3,4.26070358089365,Thompson-Sampling
3,2.4813592739708445,Thompson-Sampling
3,3.8276554513882917,Thompson-Sampling
3,3.7936240461974524,Thompson-Sampling
3,4.63659760786365,Thompson-Sampling
3,5.902298560824754,Thompson-Sampling
3,5.8355607801575555,Thompson-Sampling
3,4.434214178525493,Thompson-Sampling
3,3.0891745360300717,Thompson-Sampling
3,4.599878088285945,Thompson-Sampling
3,5.074664351055247,Thompson-Sampling
3,3.5355776238413017,Thompson-Sampling
3,3.1162807985784804,Thompson-Sampling
3,4.6140251860287265,Thompson-Sampling
3,4.440572527652934,Thompson-Sampling
3,4.670801006052312,Thompson-Sampling
3,3.3242288157818294,Thompson-Sampling
3,1.1626861038253562,Thompson-Sampling
3,6.291168031467464,Thompson-Sampling
3,3.187583672453069,Thompson-Sampling
3,5.666780390183572,Thompson-Sampling
3,3.3779805732241166,Thompson-Sampling
3,4.21923722326234,Thompson-Sampling
3,3.3219901924045736,Thompson-Sampling
3,4.849740236081289,Thompson-Sampling
3,4.975236709165672,Thompson-Sampling
3,6.840849539358227,Thompson-Sampling
3,5.073145040940164,Thompson-Sampling
3,3.831227052380386,Thompson-Sampling
3,3.0361963703615014,Thompson-Sampling
3,3.414732714076528,Thompson-Sampling
3,4.468609793205503,Thompson-Sampling
3,5.378722838850999,Thompson-Sampling
3,5.4867781247719805,Thompson-Sampling
3,3.7481032527948375,Thompson-Sampling
3,4.59943201133367,Thompson-Sampling
3,3.200387095837499,Thompson-Sampling
3,3.9951857737908987,Thompson-Sampling
3,5.504073831525369,Thompson-Sampling
3,3.273755223676173,Thompson-Sampling
3,3.129484447449145,Thompson-Sampling
3,4.871833700293488,Thompson-Sampling
3,3.6918418590342683,Thompson-Sampling
3,3.4637439222343707,Thompson-Sampling
3,4.774881699908782,Thompson-Sampling
3,4.726520635261752,Thompson-Sampling
3,4.213513027867169,Thompson-Sampling
3,5.427389483348444,Thompson-Sampling
3,3.975642868944276,Thompson-Sampling
3,4.847738056359489,Thompson-Sampling
3,4.303641275115157,Thompson-Sampling
3,3.696347963390925,Thompson-Sampling
3,5.534492367316005,Thompson-Sampling
3,3.985391389208215,Thompson-Sampling
3,4.842940991449994,Thompson-Sampling
3,3.445425539396953,Thompson-Sampling
3,3.881790330219862,Thompson-Sampling
3,3.9450702704966427,Thompson-Sampling
3,3.871839601422855,Thompson-Sampling
3,4.849858288240377,Thompson-Sampling
3,2.977751600609573,Thompson-Sampling
3,4.841021498218531,Thompson-Sampling
3,2.5260539456281617,Thompson-Sampling
3,4.684877830746258,Thompson-Sampling
3,2.875702747744934,Thompson-Sampling
3,3.9606948362776517,Thompson-Sampling
3,4.176065329165116,Thompson-Sampling
3,4.837982161696249,Thompson-Sampling
3,2.9067263318586893,Thompson-Sampling
3,3.68423281580661,Thompson-Sampling
3,3.6689741773378355,Thompson-Sampling
3,3.586273780695342,Thompson-Sampling
3,3.5424406603281766,Thompson-Sampling
3,5.077219581865235,Thompson-Sampling
3,3.479814021541367,Thompson-Sampling
3,3.3616939619513175,Thompson-Sampling
3,3.5846338875470396,Thompson-Sampling
3,4.946284647969791,Thompson-Sampling
3,2.1557369811543903,Thompson-Sampling
3,5.471398829174726,Thompson-Sampling
3,2.1796725587417782,Thompson-Sampling
3,5.001987665786773,Thompson-Sampling
3,3.4708275279503775,Thompson-Sampling
3,2.8528359002942425,Thompson-Sampling
3,2.692110906615719,Thompson-Sampling
3,3.7948837988746726,Thompson-Sampling
3,3.648080463308962,Thompson-Sampling
3,3.9728683487108944,Thompson-Sampling
3,3.3092761568221323,Thompson-Sampling
3,1.8115806039572862,Thompson-Sampling
3,3.8407477186764463,Thompson-Sampling
3,4.7771965371426495,Thompson-Sampling
3,0.8142068160765614,Thompson-Sampling
3,5.485966256526696,Thompson-Sampling
3,4.958046749134581,Thompson-Sampling
3,4.120077851726242,Thompson-Sampling
3,4.233616463476052,Thompson-Sampling
3,4.173071904150413,Thompson-Sampling
3,3.753727276918544,Thompson-Sampling
3,2.029216441147608,Thompson-Sampling
3,2.503376208144908,Thompson-Sampling
3,4.125735922509095,Thompson-Sampling
3,5.506277832344056,Thompson-Sampling
3,3.785380153630265,Thompson-Sampling
3,2.472695056283559,Thompson-Sampling
3,2.7214186978961177,Thompson-Sampling
3,1.6240996247080743,Thompson-Sampling
3,6.577576963031072,Thompson-Sampling
3,3.257623211881591,Thompson-Sampling
3,3.6313813209033263,Thompson-Sampling
3,2.425917921718707,Thompson-Sampling
3,4.102304305544595,Thompson-Sampling
3,4.607348638779974,Thompson-Sampling
3,3.6640059116832404,Thompson-Sampling
3,3.8327637458357855,Thompson-Sampling
3,4.000339711955066,Thompson-Sampling
3,3.042442761017472,Thompson-Sampling
3,5.001393606163871,Thompson-Sampling
3,4.905729276557848,Thompson-Sampling
3,4.091860009492864,Thompson-Sampling
3,3.695882720147985,Thompson-Sampling
3,5.211941545401319,Thompson-Sampling
3,2.392228946312102,Thompson-Sampling
3,3.106026349710474,Thompson-Sampling
3,2.6485169112661593,Thompson-Sampling
3,3.4310415890993258,Thompson-Sampling
3,2.4040743011593495,Thompson-Sampling
3,3.2818448849179753,Thompson-Sampling
3,4.889717934662396,Thompson-Sampling
3,4.657773383786947,Thompson-Sampling
3,4.556158559489042,Thompson-Sampling
3,4.272546526914463,Thompson-Sampling
3,3.9663740037323887,Thompson-Sampling
3,3.9443218783991156,Thompson-Sampling
3,3.724959547706116,Thompson-Sampling
3,4.580937657786408,Thompson-Sampling
3,4.619374500007692,Thompson-Sampling
3,2.9999412346612395,Thompson-Sampling
3,2.346981544377729,Thompson-Sampling
3,0.9506690889448519,Thompson-Sampling
3,3.9539849120445245,Thompson-Sampling
3,2.993208846760301,Thompson-Sampling
3,4.120402762035986,Thompson-Sampling
3,3.3837056867046003,Thompson-Sampling
3,3.7426562683978535,Thompson-Sampling
3,3.9985669684895258,Thompson-Sampling
3,3.463968595799762,Thompson-Sampling
3,5.203429622556167,Thompson-Sampling
3,3.7057673972167593,Thompson-Sampling
3,2.8156693648406463,Thompson-Sampling
3,2.510128813156743,Thompson-Sampling
3,2.904801708402104,Thompson-Sampling
3,4.056393003426853,Thompson-Sampling
3,3.32451532851332,Thompson-Sampling
3,5.287487329359932,Thompson-Sampling
3,4.270255160873789,Thompson-Sampling
3,4.35695162489063,Thompson-Sampling
3,4.474039896242502,Thompson-Sampling
3,6.919407496712485,Thompson-Sampling
3,3.964520115457305,Thompson-Sampling
3,2.408055034410043,Thompson-Sampling
3,4.758820989839097,Thompson-Sampling
3,4.06067958172977,Thompson-Sampling
3,4.401275029495026,Thompson-Sampling
3,4.5629821622164295,Thompson-Sampling
3,4.493792224511294,Thompson-Sampling
3,3.889989607124353,Thompson-Sampling
3,4.110647384130467,Thompson-Sampling
3,1.607948366588067,Thompson-Sampling
3,4.00865728413947,Thompson-Sampling
3,3.777210412224589,Thompson-Sampling
3,4.005004039907059,Thompson-Sampling
3,4.005353712517419,Thompson-Sampling
3,3.0871172682785746,Thompson-Sampling
3,4.0695589077427785,Thompson-Sampling
3,3.8930828591835573,Thompson-Sampling
3,3.3798726153343375,Thompson-Sampling
3,4.046768436851649,Thompson-Sampling
3,3.8044406267042876,Thompson-Sampling
3,3.510740676301405,Thompson-Sampling
3,4.1261213347975625,Thompson-Sampling
3,3.560471844440942,Thompson-Sampling
3,3.7371684799570972,Thompson-Sampling
3,4.970353538016264,Thompson-Sampling
3,2.6280816670447926,Thompson-Sampling
3,3.6384985942645804,Thompson-Sampling
3,5.272271573808927,Thompson-Sampling
3,4.261708021602159,Thompson-Sampling
3,5.5435388499804805,Thompson-Sampling
3,4.6693160689154505,Thompson-Sampling
3,4.784618639683483,Thompson-Sampling
3,3.3153618838630994,Thompson-Sampling
3,5.115500413908937,Thompson-Sampling
3,5.397443580277078,Thompson-Sampling
3,3.4854915900322982,Thompson-Sampling
3,2.379772729547855,Thompson-Sampling
3,3.5999978362947815,Thompson-Sampling
3,5.1553768156693405,Thompson-Sampling
3,4.654100849669108,Thompson-Sampling
3,4.261870473776441,Thompson-Sampling
3,4.378640727964133,Thompson-Sampling
3,4.8660179518172155,Thompson-Sampling
3,3.36312464491524,Thompson-Sampling
3,3.3748184721544683,Thompson-Sampling
3,4.924372683896674,Thompson-Sampling
3,4.126727602806294,Thompson-Sampling
3,3.920894205131057,Thompson-Sampling
3,3.5395454876109085,Thompson-Sampling
3,1.9523484711205579,Thompson-Sampling
3,4.553762504122816,Thompson-Sampling
3,3.104251478592224,Thompson-Sampling
3,3.4453199095225395,Thompson-Sampling
3,3.3690068535159448,Thompson-Sampling
3,4.911409938736432,Thompson-Sampling
3,4.582929228283518,Thompson-Sampling
3,2.50464371931988,Thompson-Sampling
3,2.3317014439126957,Thompson-Sampling
3,3.4004562142576873,Thompson-Sampling
3,4.188941938947548,Thompson-Sampling
3,4.190647244943357,Thompson-Sampling
3,1.9962049765116396,Thompson-Sampling
3,4.851648727844766,Thompson-Sampling
3,4.931990528512559,Thompson-Sampling
3,4.008535456151585,Thompson-Sampling
3,3.70117007386825,Thompson-Sampling
3,3.526491822959598,Thompson-Sampling
3,4.491445968820923,Thompson-Sampling
3,3.489397069276711,Thompson-Sampling
3,2.4722385814687087,Thompson-Sampling
3,2.105258747153733,Thompson-Sampling
3,5.090803446468849,Thompson-Sampling
3,4.278737196383348,Thompson-Sampling
3,4.660603941996544,Thompson-Sampling
3,4.48389093127942,Thompson-Sampling
3,4.5953997002309,Thompson-Sampling
3,5.795969497633557,Thompson-Sampling
3,3.4246153111003346,Thompson-Sampling
3,3.814920405966311,Thompson-Sampling
3,4.03708313804186,Thompson-Sampling
3,3.709273267145191,Thompson-Sampling
3,5.0351957342002285,Thompson-Sampling
3,5.344752555975893,Thompson-Sampling
3,3.0283125435747733,Thompson-Sampling
3,3.5775865323463796,Thompson-Sampling
3,3.597724656938576,Thompson-Sampling
3,4.486882360678837,Thompson-Sampling
3,3.6504417201847827,Thompson-Sampling
3,2.108077563488019,Thompson-Sampling
3,5.39056413858789,Thompson-Sampling
3,4.809834953628471,Thompson-Sampling
3,4.756159076281454,Thompson-Sampling
3,3.9143108341740014,Thompson-Sampling
3,2.323931346539153,Thompson-Sampling
3,2.6131032689048572,Thompson-Sampling
3,3.8581528600843726,Thompson-Sampling
3,4.723439863918875,Thompson-Sampling
3,3.6474125273267712,Thompson-Sampling
3,5.6567100308474085,Thompson-Sampling
3,3.0706706371028174,Thompson-Sampling
3,2.629900207864232,Thompson-Sampling
3,4.232686043019626,Thompson-Sampling
3,3.9619547225044522,Thompson-Sampling
3,5.670774378177983,Thompson-Sampling
3,3.203647376347218,Thompson-Sampling
3,4.64498095422383,Thompson-Sampling
3,3.8328367949014956,Thompson-Sampling
3,4.013030163708136,Thompson-Sampling
3,3.506806025880181,Thompson-Sampling
3,1.98992324843389,Thompson-Sampling
3,2.8652573675165796,Thompson-Sampling
3,3.574743286115309,Thompson-Sampling
3,4.817209367051766,Thompson-Sampling
3,4.0913693463066085,Thompson-Sampling
3,5.836365202107791,Thompson-Sampling
3,4.4051946193573785,Thompson-Sampling
3,2.761151281395003,Thompson-Sampling
3,3.6161750794136815,Thompson-Sampling
3,3.483259087262499,Thompson-Sampling
3,3.9444717641621554,Thompson-Sampling
3,5.116520016931846,Thompson-Sampling
3,3.9010578864843253,Thompson-Sampling
3,3.0902235590847376,Thompson-Sampling
3,3.6064635548357202,Thompson-Sampling
3,5.200784115470855,Thompson-Sampling
3,4.15630137953565,Thompson-Sampling
3,4.192829429430619,Thompson-Sampling
3,4.8681821196272885,Thompson-Sampling
3,3.9072659566986734,Thompson-Sampling
3,4.961581286769127,Thompson-Sampling
3,3.6272674988125013,Thompson-Sampling
3,0.784456411526604,Thompson-Sampling
3,4.372028247808157,Thompson-Sampling
3,4.183412704328498,Thompson-Sampling
3,3.7141060966916744,Thompson-Sampling
3,3.2120500639274967,Thompson-Sampling
3,4.2257103777989755,Thompson-Sampling
3,4.39033570948089,Thompson-Sampling
3,2.4023291749648674,Thompson-Sampling
3,4.16818689318696,Thompson-Sampling
3,4.914391442361438,Thompson-Sampling
3,4.0443689665496265,Thompson-Sampling
3,3.247822832574178,Thompson-Sampling
3,3.5860420539551665,Thompson-Sampling
3,4.438338037179079,Thompson-Sampling
3,2.600675729654155,Thompson-Sampling
3,3.898844416291245,Thompson-Sampling
3,4.231778363760288,Thompson-Sampling
3,3.9194423014192608,Thompson-Sampling
3,3.4296793100453473,Thompson-Sampling
3,4.263262521970833,Thompson-Sampling
3,4.610065309786342,Thompson-Sampling
3,6.166699673432282,Thompson-Sampling
3,3.349479467506723,Thompson-Sampling
3,5.5350605571914135,Thompson-Sampling
3,4.156401780373883,Thompson-Sampling
3,6.020913212292373,Thompson-Sampling
3,5.251704011564716,Thompson-Sampling
3,4.5733022657688664,Thompson-Sampling
3,4.647065289359776,Thompson-Sampling
3,3.484122831431903,Thompson-Sampling
3,3.6725245681719763,Thompson-Sampling
3,3.848788527540846,Thompson-Sampling
3,5.233118874221581,Thompson-Sampling
3,3.231514773019701,Thompson-Sampling
3,3.850551842882277,Thompson-Sampling
3,3.1386589107804332,Thompson-Sampling
3,5.464369913950608,Thompson-Sampling
3,4.591119634174357,Thompson-Sampling
3,3.0009523647984695,Thompson-Sampling
3,3.987856776279293,Thompson-Sampling
3,3.3135504184685125,Thompson-Sampling
3,4.794745784904904,Thompson-Sampling
3,2.784856647664582,Thompson-Sampling
3,3.0543003245819706,Thompson-Sampling
3,4.099579160319445,Thompson-Sampling
3,4.909694298146247,Thompson-Sampling
3,4.157220326183243,Thompson-Sampling
3,3.4938219763985647,Thompson-Sampling
3,3.803991756539401,Thompson-Sampling
3,2.328068250712792,Thompson-Sampling
3,4.0016761596031,Thompson-Sampling
3,3.0534748787599613,Thompson-Sampling
3,5.2685793132409,Thompson-Sampling
3,3.3745073581999825,Thompson-Sampling
3,5.155069923311466,Thompson-Sampling
3,3.859437934937374,Thompson-Sampling
3,4.108724367797827,Thompson-Sampling
3,5.160393934551282,Thompson-Sampling
3,6.760008783104944,Thompson-Sampling
3,3.894849530393473,Thompson-Sampling
3,4.211231464723106,Thompson-Sampling
3,3.2529813959969225,Thompson-Sampling
3,4.228418686147257,Thompson-Sampling
3,5.808913335460121,Thompson-Sampling
3,2.7430345685133695,Thompson-Sampling
3,5.782122964964218,Thompson-Sampling
3,4.3829106953329875,Thompson-Sampling
3,6.06370753055691,Thompson-Sampling
3,1.629443752102011,Thompson-Sampling
3,3.3545767049844795,Thompson-Sampling
3,3.9990779329991146,Thompson-Sampling
3,4.324239594042454,Thompson-Sampling
3,3.517295033774425,Thompson-Sampling
3,2.071540933733857,Thompson-Sampling
3,4.195235327065613,Thompson-Sampling
3,4.641100110757603,Thompson-Sampling
3,3.4769074986273143,Thompson-Sampling
3,4.271017097252647,Thompson-Sampling
3,3.854978705371503,Thompson-Sampling
3,4.208541761471601,Thompson-Sampling
3,5.005206287815854,Thompson-Sampling
3,2.8607880686212153,Thompson-Sampling
3,5.6604147758369745,Thompson-Sampling
3,5.063040258656777,Thompson-Sampling
3,1.8836718944407536,Thompson-Sampling
3,4.27315325791391,Thompson-Sampling
3,4.1030180719015314,Thompson-Sampling
3,3.4984669950240312,Thompson-Sampling
3,3.54491215082337,Thompson-Sampling
3,2.7323523496685436,Thompson-Sampling
3,3.6409480281994853,Thompson-Sampling
3,3.4601592513922754,Thompson-Sampling
3,3.5348186432527546,Thompson-Sampling
3,4.506662119004358,Thompson-Sampling
3,3.7274228715746265,Thompson-Sampling
3,3.4806027240108586,Thompson-Sampling
3,4.734376011475009,Thompson-Sampling
3,3.189793787236463,Thompson-Sampling
3,3.401167413980703,Thompson-Sampling
3,3.6944346301935975,Thompson-Sampling
3,4.442142910238489,Thompson-Sampling
3,5.1954894275903065,Thompson-Sampling
3,2.9923507322920813,Thompson-Sampling
3,4.411913557151757,Thompson-Sampling
3,5.303526566888974,Thompson-Sampling
3,5.001781007346155,Thompson-Sampling
3,2.9459367878652305,Thompson-Sampling
3,5.007797615334599,Thompson-Sampling
3,4.077410528411208,Thompson-Sampling
3,2.755382952248006,Thompson-Sampling
3,4.815696298762628,Thompson-Sampling
3,4.480084500056096,Thompson-Sampling
3,2.4885469782360854,Thompson-Sampling
3,5.318546466034595,Thompson-Sampling
3,4.5181121862630125,Thompson-Sampling
3,4.275522995245523,Thompson-Sampling
3,4.582900274579489,Thompson-Sampling
3,3.4330002957776315,Thompson-Sampling
3,5.69775953175351,Thompson-Sampling
3,3.320338825541535,Thompson-Sampling
3,4.458981880099797,Thompson-Sampling
3,4.63486833783551,Thompson-Sampling
3,4.731082993659001,Thompson-Sampling
3,3.967300536136374,Thompson-Sampling
3,4.014509058635631,Thompson-Sampling
3,5.270172183955761,Thompson-Sampling
3,5.488791282682129,Thompson-Sampling
3,4.3480705265833945,Thompson-Sampling
3,2.8023514929091444,Thompson-Sampling
3,3.914744040237467,Thompson-Sampling
3,3.640028701956355,Thompson-Sampling
3,2.74999969222858,Thompson-Sampling
3,5.008962483481684,Thompson-Sampling
3,2.9852653452746285,Thompson-Sampling
3,5.313932913682143,Thompson-Sampling
3,3.3156566587634204,Thompson-Sampling
3,4.486540226261946,Thompson-Sampling
3,4.301740848415868,Thompson-Sampling
3,5.1980532248178495,Thompson-Sampling
3,3.539359933009309,Thompson-Sampling
3,5.038657222664681,Thompson-Sampling
3,4.0335533384361195,Thompson-Sampling
3,4.231970302215711,Thompson-Sampling
3,4.253243028982895,Thompson-Sampling
3,4.734972844293416,Thompson-Sampling
3,2.6011475789807577,Thompson-Sampling
3,4.561271042883172,Thompson-Sampling
3,3.558233002340373,Thompson-Sampling
3,3.8600848241920502,Thompson-Sampling
3,3.019965476349535,Thompson-Sampling
3,3.9802682897952764,Thompson-Sampling
3,6.480394064290341,Thompson-Sampling
3,2.358068639152319,Thompson-Sampling
3,3.038639692775809,Thompson-Sampling
3,7.60283811353772,Thompson-Sampling
3,3.4724261908360106,Thompson-Sampling
3,3.155140598908767,Thompson-Sampling
3,2.1729633550170235,Thompson-Sampling
3,2.9762721102321694,Thompson-Sampling
3,2.638887385884331,Thompson-Sampling
3,3.7094744948021914,Thompson-Sampling
3,2.992126291005367,Thompson-Sampling
3,5.054001140035679,Thompson-Sampling
3,3.450582382458557,Thompson-Sampling
3,2.1447415428787253,Thompson-Sampling
3,3.2593465752826463,Thompson-Sampling
3,3.9977664595061686,Thompson-Sampling
3,3.728773748822286,Thompson-Sampling
3,3.5263214445734232,Thompson-Sampling
3,4.572615916356106,Thompson-Sampling
3,2.7635744348694544,Thompson-Sampling
3,6.124340761898147,Thompson-Sampling
3,3.96686593647879,Thompson-Sampling
3,5.727475903385253,Thompson-Sampling
3,3.3449637897910676,Thompson-Sampling
3,4.367776310222487,Thompson-Sampling
3,3.6433953999900197,Thompson-Sampling
3,5.0596985077711985,Thompson-Sampling
3,2.133740754508073,Thompson-Sampling
3,4.569714553107877,Thompson-Sampling
3,4.8563362205211,Thompson-Sampling
3,4.182611211233548,Thompson-Sampling
3,4.494736600375937,Thompson-Sampling
3,5.41767193736507,Thompson-Sampling
3,4.663287742196446,Thompson-Sampling
3,3.4220858228013724,Thompson-Sampling
3,5.081351579444627,Thompson-Sampling
3,3.2654296344074236,Thompson-Sampling
3,4.0253953326490315,Thompson-Sampling
3,5.7887413647802495,Thompson-Sampling
3,2.5967619728647318,Thompson-Sampling
3,2.3555750117287655,Thompson-Sampling
3,2.6804171845203344,Thompson-Sampling
3,1.7404912465895674,Thompson-Sampling
3,2.307652532482347,Thompson-Sampling
3,2.8798437883534787,Thompson-Sampling
3,5.474413606218664,Thompson-Sampling
3,4.407458380848555,Thompson-Sampling
3,3.7142859178461434,Thompson-Sampling
3,3.9006716663382335,Thompson-Sampling
3,2.4989720339971884,Thompson-Sampling
3,3.2936501275045305,Thompson-Sampling
3,3.7424214989302795,Thompson-Sampling
3,4.671472240789257,Thompson-Sampling
3,2.8103078953731915,Thompson-Sampling
3,3.6876816759181867,Thompson-Sampling
3,4.491987139802404,Thompson-Sampling
3,4.448999646325584,Thompson-Sampling
3,2.2380627414974144,Thompson-Sampling
3,3.7347318324481535,Thompson-Sampling
3,3.615756972100156,Thompson-Sampling
3,3.1003616156827136,Thompson-Sampling
3,3.3883945825347075,Thompson-Sampling
3,4.750430329229353,Thompson-Sampling
3,3.223582779797142,Thompson-Sampling
3,3.255782143158889,Thompson-Sampling
3,1.7358562091259184,Thompson-Sampling
3,4.511198794976059,Thompson-Sampling
3,3.704041051882503,Thompson-Sampling
3,4.242047657434771,Thompson-Sampling
3,4.302796111166239,Thompson-Sampling
3,1.4835673702119303,Thompson-Sampling
3,5.284612466351981,Thompson-Sampling
3,3.4244713103084594,Thompson-Sampling
3,4.07252060016289,Thompson-Sampling
3,5.114530510401747,Thompson-Sampling
3,4.227153774618751,Thompson-Sampling
3,3.2607620528912946,Thompson-Sampling
3,2.212524914788059,Thompson-Sampling
3,3.9288516105721323,Thompson-Sampling
3,3.6015459810998487,Thompson-Sampling
3,3.9506886220320663,Thompson-Sampling
3,3.3989296763261123,Thompson-Sampling
3,4.074371722304817,Thompson-Sampling
3,5.345595851217547,Thompson-Sampling
3,4.558254183823643,Thompson-Sampling
3,3.2486753244028455,Thompson-Sampling
3,3.0466383383844176,Thompson-Sampling
3,5.021623817371003,Thompson-Sampling
3,2.6488897972536405,Thompson-Sampling
3,3.5286780630969616,Thompson-Sampling
3,3.615612867411279,Thompson-Sampling
3,3.749128834282122,Thompson-Sampling
3,3.949171912736171,Thompson-Sampling
3,2.266184877143224,Thompson-Sampling
3,3.5160306313398593,Thompson-Sampling
3,4.175934972467367,Thompson-Sampling
3,4.628241881934102,Thompson-Sampling
3,2.946821132667095,Thompson-Sampling
3,4.153831151914654,Thompson-Sampling
3,5.1593185494512666,Thompson-Sampling
3,4.6324866608785635,Thompson-Sampling
3,4.722002385584353,Thompson-Sampling
3,3.542749925881873,Thompson-Sampling
3,2.1857146426698586,Thompson-Sampling
3,4.567361251712297,Thompson-Sampling
3,6.086988646602899,Thompson-Sampling
3,4.273402820190055,Thompson-Sampling
3,4.27220328770796,Thompson-Sampling
3,3.723789562216301,Thompson-Sampling
3,2.6305701520714404,Thompson-Sampling
3,4.383094024021418,Thompson-Sampling
3,3.7986092939375147,Thompson-Sampling
3,3.7464571233094666,Thompson-Sampling
3,3.015237415253943,Thompson-Sampling
3,4.934942024504328,Thompson-Sampling
3,4.529276016597719,Thompson-Sampling
3,2.3548597753386122,Thompson-Sampling
3,3.0825308693407405,Thompson-Sampling
3,4.4409638867015,Thompson-Sampling
3,5.14233806188885,Thompson-Sampling
3,2.908693913403626,Thompson-Sampling
3,4.922646895325575,Thompson-Sampling
3,4.1343665712185045,Thompson-Sampling
3,4.476764545110098,Thompson-Sampling
3,4.583048383158424,Thompson-Sampling
3,1.4346292884813643,Thompson-Sampling
3,4.949603355515854,Thompson-Sampling
3,3.900895071409329,Thompson-Sampling
3,3.573642272775352,Thompson-Sampling
3,5.771242186594598,Thompson-Sampling
3,4.075173761654502,Thompson-Sampling
3,4.9455185847790295,Thompson-Sampling
3,3.0487670179402424,Thompson-Sampling
3,3.8770613098379405,Thompson-Sampling
3,4.4092925652181805,Thompson-Sampling
3,2.659638193262007,Thompson-Sampling
3,2.167431909793182,Thompson-Sampling
3,2.042383769346046,Thompson-Sampling
3,4.048146404995726,Thompson-Sampling
3,2.9535587815773567,Thompson-Sampling
3,3.5429508191319004,Thompson-Sampling
3,3.6040136225511756,Thompson-Sampling
3,3.3740406223720836,Thompson-Sampling
3,4.878311544620472,Thompson-Sampling
3,3.3112616395454824,Thompson-Sampling
3,2.9580074871356947,Thompson-Sampling
3,3.241687095847974,Thompson-Sampling
3,4.535450075547756,Thompson-Sampling
3,4.345396232115499,Thompson-Sampling
3,3.001082956353471,Thompson-Sampling
3,5.906039538308957,Thompson-Sampling
3,4.164337120006091,Thompson-Sampling
3,3.6626147258401236,Thompson-Sampling
3,3.947521335138402,Thompson-Sampling
3,4.669023217123481,Thompson-Sampling
3,3.7528399130381977,Thompson-Sampling
3,3.4342211746967055,Thompson-Sampling
3,4.684471869131508,Thompson-Sampling
3,3.3402017655264977,Thompson-Sampling
3,4.636026048896142,Thompson-Sampling
3,4.84469140550231,Thompson-Sampling
3,3.299377610860029,Thompson-Sampling
3,4.103688911819988,Thompson-Sampling
3,4.21191880139321,Thompson-Sampling
3,5.457474673088552,Thompson-Sampling
3,3.3210533540041505,Thompson-Sampling
3,4.3541467564680065,Thompson-Sampling
3,3.7788197964308132,Thompson-Sampling
3,3.5895654731424798,Thompson-Sampling
3,5.099550387145015,Thompson-Sampling
3,2.422879394734144,Thompson-Sampling
3,4.835049272866845,Thompson-Sampling
3,4.438096365975715,Thompson-Sampling
3,2.359181914362495,Thompson-Sampling
3,5.900677766880174,Thompson-Sampling
3,3.4243581350920502,Thompson-Sampling
3,7.358977579273162,Thompson-Sampling
3,2.034954414798513,Thompson-Sampling
3,3.974812583923216,Thompson-Sampling
3,2.3882775392917175,Thompson-Sampling
3,3.156652890716002,Thompson-Sampling
3,4.8617233195061385,Thompson-Sampling
3,3.128155352723257,Thompson-Sampling
3,2.9416563893231515,Thompson-Sampling
3,5.438151804080864,Thompson-Sampling
3,4.754107882208061,Thompson-Sampling
3,4.469620176422325,Thompson-Sampling
3,5.217696100015887,Thompson-Sampling
3,4.3458427545040506,Thompson-Sampling
3,4.593901805179094,Thompson-Sampling
3,2.8385395378724896,Thompson-Sampling
3,5.400849523925147,Thompson-Sampling
3,5.171517503008855,Thompson-Sampling
3,5.093825691537342,Thompson-Sampling
3,4.818139305403619,Thompson-Sampling
3,3.1783218674331937,Thompson-Sampling
3,4.613193262913047,Thompson-Sampling
3,2.805467517836649,Thompson-Sampling
3,5.364859705595618,Thompson-Sampling
3,5.21989315877431,Thompson-Sampling
3,1.9373530790062494,Thompson-Sampling
3,4.511006120735452,Thompson-Sampling
3,3.391009906301074,Thompson-Sampling
3,4.9200625384302334,Thompson-Sampling
3,5.972928538868178,Thompson-Sampling
3,4.558777142907643,Thompson-Sampling
3,2.7022008053959294,Thompson-Sampling
3,5.740375182634822,Thompson-Sampling
3,3.717764552250072,Thompson-Sampling
3,1.9149986499955371,Thompson-Sampling
3,3.7937116896567913,Thompson-Sampling
3,2.2447506906143992,Thompson-Sampling
3,6.0786102903726205,Thompson-Sampling
3,2.604468390169858,Thompson-Sampling
3,3.8904074433869784,Thompson-Sampling
3,3.7284349395315464,Thompson-Sampling
3,5.282642145365613,Thompson-Sampling
3,4.772144384944305,Thompson-Sampling
3,4.188582988054241,Thompson-Sampling
3,5.535896009876608,Thompson-Sampling
3,3.3984701996595987,Thompson-Sampling
3,4.53773465127656,Thompson-Sampling
3,4.816533827550128,Thompson-Sampling
3,4.766979085218538,Thompson-Sampling
3,4.996726595417772,Thompson-Sampling
3,4.608675137998297,Thompson-Sampling
3,3.4043627614774556,Thompson-Sampling
3,5.641472674786717,Thompson-Sampling
3,4.982532128646865,Thompson-Sampling
3,3.086875171364037,Thompson-Sampling
3,4.277462859459562,Thompson-Sampling
3,3.4697282435879373,Thompson-Sampling
3,2.5866550400903776,Thompson-Sampling
3,4.028451541706006,Thompson-Sampling
3,6.773222879465472,Thompson-Sampling
3,3.8426784890628802,Thompson-Sampling
3,4.546033119377467,Thompson-Sampling
3,3.3477313669849367,Thompson-Sampling
3,4.765891816427954,Thompson-Sampling
3,3.043013717172065,Thompson-Sampling
3,4.088977326785175,Thompson-Sampling
3,4.435368563644397,Thompson-Sampling
3,4.111450172124246,Thompson-Sampling
3,4.133469137934957,Thompson-Sampling
3,2.115218744020636,Thompson-Sampling
3,5.863419922722353,Thompson-Sampling
3,3.788511979219764,Thompson-Sampling
3,2.0477047977234357,Thompson-Sampling
3,4.0254644827835016,Thompson-Sampling
3,2.6052631162887474,Thompson-Sampling
3,4.5796620075864904,Thompson-Sampling
3,3.6253197162558433,Thompson-Sampling
3,5.0085490693644035,Thompson-Sampling
3,3.9213514803729286,Thompson-Sampling
3,3.3277563213752877,Thompson-Sampling
3,3.7544402598941278,Thompson-Sampling
3,3.4912872819360223,Thompson-Sampling
3,5.762587815137259,Thompson-Sampling
3,4.604566395123797,Thompson-Sampling
3,5.55588288820417,Thompson-Sampling
3,3.581183268101441,Thompson-Sampling
3,3.6662040877883038,Thompson-Sampling
3,3.5819970700541006,Thompson-Sampling
3,2.564830964164514,Thompson-Sampling
3,4.7168320225996245,Thompson-Sampling
3,5.338193088365812,Thompson-Sampling
3,4.837143108295017,Thompson-Sampling
3,1.4590887621817537,Thompson-Sampling
3,4.572138021036014,Thompson-Sampling
3,5.604310949534416,Thompson-Sampling
3,4.714885365815913,Thompson-Sampling
3,4.407444719429509,Thompson-Sampling
3,3.0091525122676255,Thompson-Sampling
3,4.482391849082921,Thompson-Sampling
3,1.6781151998362902,Thompson-Sampling
3,2.9197635311828125,Thompson-Sampling
3,4.680302681163567,Thompson-Sampling
3,2.4435216479025916,Thompson-Sampling
3,5.197862601657816,Thompson-Sampling
3,2.9280795355243683,Thompson-Sampling
3,4.364774817370616,Thompson-Sampling
3,3.91257051860588,Thompson-Sampling
3,5.234936658718798,Thompson-Sampling
3,2.217193842661943,Thompson-Sampling
3,4.81074394836882,Thompson-Sampling
3,4.313336155708551,Thompson-Sampling
3,5.119068830050891,Thompson-Sampling
3,2.7154328416656126,Thompson-Sampling
3,5.302762614374867,Thompson-Sampling
3,4.436511792175898,Thompson-Sampling
3,3.7912117372724143,Thompson-Sampling
3,3.033155554875917,Thompson-Sampling
3,3.092122362956357,Thompson-Sampling
3,4.814391255119141,Thompson-Sampling
3,4.1053572093256445,Thompson-Sampling
3,4.3432733885499895,Thompson-Sampling
3,3.3617951300047015,Thompson-Sampling
3,1.9207369853537606,Thompson-Sampling
3,1.8069066720932372,Thompson-Sampling
3,4.904191000324237,Thompson-Sampling
3,2.9273157649520747,Thompson-Sampling
3,3.894967381866294,Thompson-Sampling
3,4.032091826694849,Thompson-Sampling
3,4.09710293561336,Thompson-Sampling
3,2.7307699513871606,Thompson-Sampling
3,4.486878197661274,Thompson-Sampling
3,5.32986934982997,Thompson-Sampling
3,4.7518850457053965,Thompson-Sampling
3,4.256010158095647,Thompson-Sampling
3,4.350942609752626,Thompson-Sampling
3,6.234439439313826,Thompson-Sampling
3,3.1744715888311084,Thompson-Sampling
3,1.6392300392303296,Thompson-Sampling
3,5.97868243924812,Thompson-Sampling
3,3.464170247246505,Thompson-Sampling
3,3.5159040454615154,Thompson-Sampling
3,6.0276128333089085,Thompson-Sampling
3,2.9688557685570336,Thompson-Sampling
3,5.302750255651513,Thompson-Sampling
3,3.9087968870618224,Thompson-Sampling
3,2.292668043497767,Thompson-Sampling
3,4.222220631555213,Thompson-Sampling
3,4.007074894034353,Thompson-Sampling
3,4.50571552581157,Thompson-Sampling
3,3.472133631304266,Thompson-Sampling
3,4.004828327675462,Thompson-Sampling
3,5.356866389021466,Thompson-Sampling
3,3.4290094853270627,Thompson-Sampling
3,3.3739614064173953,Thompson-Sampling
3,2.0469682485658627,Thompson-Sampling
3,3.1957850602748215,Thompson-Sampling
3,3.3132276331105697,Thompson-Sampling
3,3.7663285033416143,Thompson-Sampling
3,3.515035868667151,Thompson-Sampling
3,5.413950761648216,Thompson-Sampling
3,4.08641601691889,Thompson-Sampling
3,3.494361873384724,Thompson-Sampling
3,4.602500213222861,Thompson-Sampling
3,3.7903234416918496,Thompson-Sampling
3,2.3741611808701535,Thompson-Sampling
3,5.598699765327074,Thompson-Sampling
3,3.225426522680406,Thompson-Sampling
3,3.3463716410217867,Thompson-Sampling
3,4.060199916251648,Thompson-Sampling
3,2.9144142327067097,Thompson-Sampling
3,5.194006790281021,Thompson-Sampling
3,5.391756285936653,Thompson-Sampling
3,4.502362059110201,Thompson-Sampling
3,1.963966574127058,Thompson-Sampling
3,4.270898606643516,Thompson-Sampling
3,3.9301641897125177,Thompson-Sampling
3,3.8250569832010446,Thompson-Sampling
3,5.739722456858507,Thompson-Sampling
3,3.7854535358808286,Thompson-Sampling
3,4.493035689478503,Thompson-Sampling
3,3.435705551014382,Thompson-Sampling
3,5.7879144087750385,Thompson-Sampling
3,3.876063390005077,Thompson-Sampling
3,4.790894355374629,Thompson-Sampling
3,3.7862769371801637,Thompson-Sampling
3,3.149289848879261,Thompson-Sampling
3,3.4579525235382493,Thompson-Sampling
3,4.6578294665654285,Thompson-Sampling
3,5.300737712420882,Thompson-Sampling
3,5.540077594245148,Thompson-Sampling
3,5.834049705394016,Thompson-Sampling
3,3.4996365223259724,Thompson-Sampling
3,2.7294971318896613,Thompson-Sampling
3,1.1451769124627176,Thompson-Sampling
3,3.8025133894058705,Thompson-Sampling
3,3.248418994314497,Thompson-Sampling
3,6.1399186065319835,Thompson-Sampling
3,5.408167770287285,Thompson-Sampling
3,4.690861171757415,Thompson-Sampling
3,5.194317593675672,Thompson-Sampling
3,4.5415942819401725,Thompson-Sampling
3,3.3578050919552096,Thompson-Sampling
3,1.9710315389102102,Thompson-Sampling
3,2.430459896055737,Thompson-Sampling
3,5.243675232627887,Thompson-Sampling
3,3.6353613730183936,Thompson-Sampling
3,5.867511617487729,Thompson-Sampling
3,4.197544437133067,Thompson-Sampling
3,3.7807457639304842,Thompson-Sampling
3,2.6699395322163952,Thompson-Sampling
3,4.037157600791852,Thompson-Sampling
3,4.44817374720587,Thompson-Sampling
3,3.8679852253790954,Thompson-Sampling
3,3.0257761613473475,Thompson-Sampling
3,4.491570168934175,Thompson-Sampling
3,2.7739618917524598,Thompson-Sampling
3,5.0193754103960035,Thompson-Sampling
3,3.6739655466803227,Thompson-Sampling
3,3.7762339053245593,Thompson-Sampling
3,3.313706218952376,Thompson-Sampling
3,1.2667658306546565,Thompson-Sampling
3,5.543144162692348,Thompson-Sampling
3,3.303799651127682,Thompson-Sampling
3,2.252938224132781,Thompson-Sampling
3,4.659723306447252,Thompson-Sampling
3,4.299134815728275,Thompson-Sampling
3,1.9918853790266269,Thompson-Sampling
3,3.9633600238599227,Thompson-Sampling
3,3.1731181826419688,Thompson-Sampling
3,4.045142140591017,Thompson-Sampling
3,2.7415991803449584,Thompson-Sampling
3,3.541362763151124,Thompson-Sampling
3,4.248355663633973,Thompson-Sampling
3,4.448124401726375,Thompson-Sampling
3,3.025614634137323,Thompson-Sampling
3,3.0232144315937632,Thompson-Sampling
3,4.003495900477911,Thompson-Sampling
3,4.227796755535767,Thompson-Sampling
3,4.448443879447308,Thompson-Sampling
3,3.152480575794256,Thompson-Sampling
3,3.6275441738417804,Thompson-Sampling
3,3.5830634631524036,Thompson-Sampling
3,4.703372446166208,Thompson-Sampling
3,3.845066032212422,Thompson-Sampling
3,2.659847324733798,Thompson-Sampling
3,3.6194097082049352,Thompson-Sampling
3,4.826272712971194,Thompson-Sampling
3,4.3326416068595295,Thompson-Sampling
3,3.1283288616966636,Thompson-Sampling
3,3.1610377480393903,Thompson-Sampling
3,5.8684802954518736,Thompson-Sampling
3,5.252189456770437,Thompson-Sampling
3,4.158865507045674,Thompson-Sampling
3,4.42513904068722,Thompson-Sampling
3,2.4099632506888504,Thompson-Sampling
3,3.707420379459976,Thompson-Sampling
3,4.051150665424708,Thompson-Sampling
3,4.6305005230319916,Thompson-Sampling
3,3.5102170544992375,Thompson-Sampling
3,3.8250280462141966,Thompson-Sampling
3,3.7739977116517385,Thompson-Sampling
3,4.155941093694502,Thompson-Sampling
3,3.600066707528908,Thompson-Sampling
3,4.311786290372404,Thompson-Sampling
3,4.990295701342383,Thompson-Sampling
3,4.840354837283084,Thompson-Sampling
3,4.305168952547728,Thompson-Sampling
3,5.548588716397813,Thompson-Sampling
3,3.4546149233258254,Thompson-Sampling
3,2.6020569595012173,Thompson-Sampling
3,3.4633782193243725,Thompson-Sampling
3,4.3694792858632985,Thompson-Sampling
3,4.04392932364798,Thompson-Sampling
3,4.836694389923112,Thompson-Sampling
3,3.8771167294867035,Thompson-Sampling
3,4.269847455665461,Thompson-Sampling
3,1.8434998029552383,Thompson-Sampling
3,4.135483880444224,Thompson-Sampling
3,5.413441433795914,Thompson-Sampling
3,3.17516472656321,Thompson-Sampling
3,4.4545541173753875,Thompson-Sampling
3,4.871338133457678,Thompson-Sampling
3,2.7147041990873246,Thompson-Sampling
3,4.444127928669045,Thompson-Sampling
3,4.43825539376294,Thompson-Sampling
3,3.0771783246198883,Thompson-Sampling
3,5.168565109500196,Thompson-Sampling
3,5.296220797529687,Thompson-Sampling
3,2.411557070855314,Thompson-Sampling
3,5.418473579500435,Thompson-Sampling
3,5.249104120790647,Thompson-Sampling
3,5.218314125535043,Thompson-Sampling
3,2.46440472424029,Thompson-Sampling
3,3.9340539845695544,Thompson-Sampling
3,5.56840130277719,Thompson-Sampling
3,4.4716409955185155,Thompson-Sampling
3,4.901031239002882,Thompson-Sampling
3,3.331281694374952,Thompson-Sampling
3,4.090477977314349,Thompson-Sampling
3,4.067531589540999,Thompson-Sampling
3,4.856215276646138,Thompson-Sampling
3,4.886945313764375,Thompson-Sampling
3,4.5843770805864885,Thompson-Sampling
3,3.888033056279416,Thompson-Sampling
3,3.393277453330158,Thompson-Sampling
3,2.557334141659468,Thompson-Sampling
3,3.952128319690362,Thompson-Sampling
3,3.8417636815647045,Thompson-Sampling
3,2.659372718894906,Thompson-Sampling
3,4.147964363645164,Thompson-Sampling
3,4.462763884386481,Thompson-Sampling
3,4.174937747839062,Thompson-Sampling
3,4.544662850036288,Thompson-Sampling
3,5.13260226346454,Thompson-Sampling
3,4.671621208555157,Thompson-Sampling
3,4.623881444826307,Thompson-Sampling
3,4.923370479103452,Thompson-Sampling
3,4.100729688886924,Thompson-Sampling
3,4.465737122089521,Thompson-Sampling
3,3.7568655981797012,Thompson-Sampling
3,5.853836780356469,Thompson-Sampling
3,5.062407866550863,Thompson-Sampling
3,4.7763382914803225,Thompson-Sampling
3,4.2064558587706395,Thompson-Sampling
3,5.759977527991291,Thompson-Sampling
3,3.7482244340094963,Thompson-Sampling
3,3.80179609481453,Thompson-Sampling
3,3.637914218180802,Thompson-Sampling
3,3.894815576792134,Thompson-Sampling
3,2.6483013875235866,Thompson-Sampling
3,3.8459142384342315,Thompson-Sampling
3,4.472864696281686,Thompson-Sampling
3,4.51356862563842,Thompson-Sampling
3,3.782281290997151,Thompson-Sampling
3,3.349409744892164,Thompson-Sampling
3,4.398795301670928,Thompson-Sampling
3,2.07138968133485,Thompson-Sampling
3,3.6642229682943124,Thompson-Sampling
3,1.7584066663434261,Thompson-Sampling
3,3.5976749391062977,Thompson-Sampling
3,3.0215292643712224,Thompson-Sampling
3,5.0829417734430935,Thompson-Sampling
3,5.275415191263649,Thompson-Sampling
3,3.407541148257003,Thompson-Sampling
3,5.063181103923679,Thompson-Sampling
3,3.1749963667114054,Thompson-Sampling
3,3.6591369005328085,Thompson-Sampling
3,5.0054048667227615,Thompson-Sampling
3,3.3986974510139856,Thompson-Sampling
3,4.911707972914898,Thompson-Sampling
3,3.507467372221703,Thompson-Sampling
3,4.488584557233259,Thompson-Sampling
3,4.705898016672397,Thompson-Sampling
3,5.006296403764142,Thompson-Sampling
3,5.0118546780266895,Thompson-Sampling
3,4.461855333658176,Thompson-Sampling
3,4.50554340490338,Thompson-Sampling
3,3.1186923135960716,Thompson-Sampling
3,2.458718665103668,Thompson-Sampling
3,3.027955030097028,Thompson-Sampling
3,4.6616170494127145,Thompson-Sampling
3,5.997122313623676,Thompson-Sampling
3,4.516558575338952,Thompson-Sampling
3,4.523190833585105,Thompson-Sampling
3,4.22562977262692,Thompson-Sampling
3,3.518753620086401,Thompson-Sampling
3,4.166360599574855,Thompson-Sampling
3,2.9197540226322607,Thompson-Sampling
3,3.2986481566330137,Thompson-Sampling
3,3.87854042457601,Thompson-Sampling
3,3.895369343830448,Thompson-Sampling
3,5.659137929526448,Thompson-Sampling
3,5.653920959631528,Thompson-Sampling
3,4.05741581809641,Thompson-Sampling
3,4.688846859753288,Thompson-Sampling
3,3.8938863003049216,Thompson-Sampling
3,2.0956677681772202,Thompson-Sampling
3,5.343329194989414,Thompson-Sampling
3,3.815927617493729,Thompson-Sampling
3,3.855204679226486,Thompson-Sampling
3,2.3463161832818287,Thompson-Sampling
3,2.70070692915866,Thompson-Sampling
3,3.826049063876094,Thompson-Sampling
3,3.157210808453985,Thompson-Sampling
3,4.2947699093412535,Thompson-Sampling
3,4.402860388093822,Thompson-Sampling
3,2.8406936371039753,Thompson-Sampling
3,6.757760942806847,Thompson-Sampling
3,4.068649514659201,Thompson-Sampling
3,4.237250421858242,Thompson-Sampling
3,6.516430898520626,Thompson-Sampling
3,4.409338647431321,Thompson-Sampling
3,4.4685153915422795,Thompson-Sampling
3,3.2553359761050613,Thompson-Sampling
3,4.018926690868986,Thompson-Sampling
3,3.061161867512084,Thompson-Sampling
3,3.9295855879746675,Thompson-Sampling
3,4.942927907348667,Thompson-Sampling
3,3.014615835881569,Thompson-Sampling
3,4.489088536625141,Thompson-Sampling
3,2.9701879564235543,Thompson-Sampling
3,1.8088788343497884,Thompson-Sampling
3,3.990514842239605,Thompson-Sampling
3,3.101857671532419,Thompson-Sampling
3,4.8203055168684195,Thompson-Sampling
3,4.768639658539875,Thompson-Sampling
3,3.9198310507948357,Thompson-Sampling
3,4.918390499321356,Thompson-Sampling
3,5.063107115425699,Thompson-Sampling
3,2.409241160208087,Thompson-Sampling
3,4.652039621184061,Thompson-Sampling
3,3.9727508050060076,Thompson-Sampling
3,2.222389898084194,Thompson-Sampling
3,3.4362313457850524,Thompson-Sampling
3,5.122648137255717,Thompson-Sampling
3,4.360303361552416,Thompson-Sampling
3,2.6755450099764477,Thompson-Sampling
3,4.530375347914662,Thompson-Sampling
3,3.2080874386503964,Thompson-Sampling
3,6.254738448093778,Thompson-Sampling
3,3.9562857620908156,Thompson-Sampling
3,4.123026536486002,Thompson-Sampling
3,1.8870344800480514,Thompson-Sampling
3,2.1052742259504655,Thompson-Sampling
3,3.016886794516492,Thompson-Sampling
3,5.586025820300897,Thompson-Sampling
3,3.7807674884833764,Thompson-Sampling
3,1.5374252379138458,Thompson-Sampling
3,2.6788766227327,Thompson-Sampling
3,5.730344537994803,Thompson-Sampling
3,3.3454206131567363,Thompson-Sampling
3,3.8735228853608756,Thompson-Sampling
3,5.0328899150583455,Thompson-Sampling
3,3.9858755021136174,Thompson-Sampling
3,4.213869347948942,Thompson-Sampling
3,5.409050066428077,Thompson-Sampling
3,3.666231972976349,Thompson-Sampling
3,4.10804793551413,Thompson-Sampling
3,5.029603572894891,Thompson-Sampling
3,4.00922005070485,Thompson-Sampling
3,4.613731063431533,Thompson-Sampling
3,5.319502846143799,Thompson-Sampling
3,3.2518413476343855,Thompson-Sampling
3,4.508457720611778,Thompson-Sampling
3,5.450915106480109,Thompson-Sampling
3,5.45112548247064,Thompson-Sampling
3,3.9481426470191177,Thompson-Sampling
3,3.9844457171738146,Thompson-Sampling
3,3.4390168083941246,Thompson-Sampling
3,3.524010752150519,Thompson-Sampling
3,4.10543014403674,Thompson-Sampling
3,3.3293756778248924,Thompson-Sampling
3,2.503770924945886,Thompson-Sampling
3,4.22616706976789,Thompson-Sampling
3,4.84760872720228,Thompson-Sampling
3,1.5611564311367814,Thompson-Sampling
3,4.765250945664414,Thompson-Sampling
3,6.012853002978566,Thompson-Sampling
3,4.3068367261683385,Thompson-Sampling
3,5.18193632257071,Thompson-Sampling
3,5.5726532907867945,Thompson-Sampling
3,4.6452066506437815,Thompson-Sampling
3,3.7403402120576956,Thompson-Sampling
3,3.5178350973261305,Thompson-Sampling
3,4.69801254641194,Thompson-Sampling
3,4.978599040379733,Thompson-Sampling
3,2.415168651794608,Thompson-Sampling
3,5.758079563078335,Thompson-Sampling
3,3.631057085326332,Thompson-Sampling
3,3.181753807577186,Thompson-Sampling
3,2.605014843945548,Thompson-Sampling
3,2.4105525512453316,Thompson-Sampling
3,3.12649937648514,Thompson-Sampling
3,2.4036255159651843,Thompson-Sampling
3,4.044492772809733,Thompson-Sampling
3,5.088589515006584,Thompson-Sampling
3,4.971308475889034,Thompson-Sampling
3,3.813740679754491,Thompson-Sampling
3,4.864960443322944,Thompson-Sampling
3,3.139774557103018,Thompson-Sampling
3,2.2409269275141694,Thompson-Sampling
3,5.038871649449133,Thompson-Sampling
3,3.307708233320583,Thompson-Sampling
3,5.003215289432593,Thompson-Sampling
3,4.314531850351419,Thompson-Sampling
3,4.732072669951333,Thompson-Sampling
3,4.5056523455052,Thompson-Sampling
3,3.48089188497007,Thompson-Sampling
3,3.020719813939986,Thompson-Sampling
3,2.0002134430973815,Thompson-Sampling
3,2.952230149238873,Thompson-Sampling
3,2.36091856744677,Thompson-Sampling
3,3.0476170896239663,Thompson-Sampling
3,3.3121913003178833,Thompson-Sampling
3,3.629550482962017,Thompson-Sampling
3,3.4733256251544797,Thompson-Sampling
3,3.6256524459638237,Thompson-Sampling
3,4.369782661070325,Thompson-Sampling
3,5.826632363122133,Thompson-Sampling
3,4.224810334051588,Thompson-Sampling
3,4.689966373549724,Thompson-Sampling
3,4.4330584949231016,Thompson-Sampling
3,3.9440176037314325,Thompson-Sampling
3,3.8448917265973233,Thompson-Sampling
3,4.183919532947614,Thompson-Sampling
3,4.884843922755285,Thompson-Sampling
3,2.3167177084254535,Thompson-Sampling
3,4.261258241469522,Thompson-Sampling
3,4.3982186255209275,Thompson-Sampling
3,2.63873489759634,Thompson-Sampling
3,2.730316014219479,Thompson-Sampling
3,2.749931585567129,Thompson-Sampling
3,3.8947134741890235,Thompson-Sampling
3,5.353597088732304,Thompson-Sampling
3,4.473475290635795,Thompson-Sampling
3,5.507538002346875,Thompson-Sampling
3,3.990151529462764,Thompson-Sampling
3,2.7537650828762703,Thompson-Sampling
3,3.2244845242974907,Thompson-Sampling
3,2.6262755321168103,Thompson-Sampling
3,2.627638192913926,Thompson-Sampling
3,3.880482472114476,Thompson-Sampling
3,5.1897156389015455,Thompson-Sampling
3,3.266549573956918,Thompson-Sampling
3,3.6028450750950665,Thompson-Sampling
3,2.950865910677403,Thompson-Sampling
3,2.8424936624082524,Thompson-Sampling
3,4.799360682172206,Thompson-Sampling
3,5.763996851497478,Thompson-Sampling
3,3.9527030731166892,Thompson-Sampling
3,5.798414307705718,Thompson-Sampling
3,3.883833390526416,Thompson-Sampling
3,4.119848243516611,Thompson-Sampling
3,4.228567154983128,Thompson-Sampling
3,2.9348301346806513,Thompson-Sampling
3,2.7266233528134447,Thompson-Sampling
3,3.2915729762172043,Thompson-Sampling
3,2.949212781629438,Thompson-Sampling
3,3.972713974016481,Thompson-Sampling
3,3.1606723223533137,Thompson-Sampling
3,5.085140935149449,Thompson-Sampling
3,4.187671404315199,Thompson-Sampling
3,3.1876101324181745,Thompson-Sampling
3,3.116124103138059,Thompson-Sampling
3,3.5543209762826264,Thompson-Sampling
3,3.4041009571848746,Thompson-Sampling
3,3.861574954367387,Thompson-Sampling
3,4.251104583530442,Thompson-Sampling
3,2.6119815582587895,Thompson-Sampling
3,2.9950253066481025,Thompson-Sampling
3,3.586839918154569,Thompson-Sampling
3,4.680548761054527,Thompson-Sampling
3,4.396345560041889,Thompson-Sampling
3,3.3586790244394296,Thompson-Sampling
3,2.361311376530849,Thompson-Sampling
3,4.597078877958551,Thompson-Sampling
3,4.065081664527723,Thompson-Sampling
3,3.0757959679362092,Thompson-Sampling
3,2.527496501648512,Thompson-Sampling
3,5.501492460122906,Thompson-Sampling
3,5.954882683084627,Thompson-Sampling
3,4.808121672348954,Thompson-Sampling
3,3.9748501338354907,Thompson-Sampling
3,4.646868343553121,Thompson-Sampling
3,4.108786203965121,Thompson-Sampling
3,3.115789430653015,Thompson-Sampling
3,5.3891863468019,Thompson-Sampling
3,2.7630328180427615,Thompson-Sampling
3,3.8829032788909843,Thompson-Sampling
3,4.148555889006432,Thompson-Sampling
3,4.574079028766818,Thompson-Sampling
3,3.207075249753936,Thompson-Sampling
3,3.7586570222803695,Thompson-Sampling
3,5.708517781017519,Thompson-Sampling
3,4.358803263500843,Thompson-Sampling
3,4.148767888208412,Thompson-Sampling
3,4.337162264236653,Thompson-Sampling
3,7.025977290959602,Thompson-Sampling
3,3.942945205382935,Thompson-Sampling
3,3.066656076427555,Thompson-Sampling
3,4.838753592254437,Thompson-Sampling
3,2.8943876361667065,Thompson-Sampling
3,4.194405011144685,Thompson-Sampling
3,3.995735504412924,Thompson-Sampling
3,4.3988244020828215,Thompson-Sampling
3,3.1637731839129186,Thompson-Sampling
3,3.9270770776437605,Thompson-Sampling
3,3.509609632869269,Thompson-Sampling
3,3.1033130619617695,Thompson-Sampling
3,3.595984210679639,Thompson-Sampling
3,4.072708102963547,Thompson-Sampling
3,4.226092143881493,Thompson-Sampling
3,3.029658591871915,Thompson-Sampling
3,3.718323442940615,Thompson-Sampling
3,4.973494390241061,Thompson-Sampling
3,3.6904096460557545,Thompson-Sampling
3,5.516307802765014,Thompson-Sampling
3,4.461129638589695,Thompson-Sampling
3,5.574279710321127,Thompson-Sampling
3,4.525995407476829,Thompson-Sampling
3,2.961799307635589,Thompson-Sampling
3,5.360042289413865,Thompson-Sampling
3,5.429741699849193,Thompson-Sampling
3,4.502737674106674,Thompson-Sampling
3,2.902487491098783,Thompson-Sampling
3,5.0070965503066285,Thompson-Sampling
3,3.0311793760898578,Thompson-Sampling
3,3.769683056869262,Thompson-Sampling
3,4.279958655196126,Thompson-Sampling
3,4.624732235311061,Thompson-Sampling
3,4.516103717150582,Thompson-Sampling
3,5.101470933740185,Thompson-Sampling
3,5.157457868005212,Thompson-Sampling
3,2.5545559773865154,Thompson-Sampling
3,3.702759427624378,Thompson-Sampling
3,3.2231644675762,Thompson-Sampling
3,2.161336222410474,Thompson-Sampling
3,3.2702242737955993,Thompson-Sampling
3,2.0860699736404738,Thompson-Sampling
3,3.579958561346892,Thompson-Sampling
3,3.995928853653472,Thompson-Sampling
3,3.877678236778342,Thompson-Sampling
3,3.311104351266274,Thompson-Sampling
3,3.521000801404519,Thompson-Sampling
3,4.44425690137648,Thompson-Sampling
3,3.8958981000408333,Thompson-Sampling
3,4.184844771113945,Thompson-Sampling
3,4.088859838392569,Thompson-Sampling
3,5.397527216503326,Thompson-Sampling
3,4.878968963135684,Thompson-Sampling
3,3.3794830423009374,Thompson-Sampling
3,4.1870354853994245,Thompson-Sampling
3,3.395257162661391,Thompson-Sampling
3,4.957767698096141,Thompson-Sampling
3,4.364100381051472,Thompson-Sampling
3,4.544139006021316,Thompson-Sampling
3,3.7549613955522885,Thompson-Sampling
3,3.855123522709727,Thompson-Sampling
3,2.7958844764422537,Thompson-Sampling
3,3.3316060067925677,Thompson-Sampling
3,4.250087131865009,Thompson-Sampling
3,3.5155807231598875,Thompson-Sampling
3,4.399867840536742,Thompson-Sampling
3,2.711760376985392,Thompson-Sampling
3,4.061414881922801,Thompson-Sampling
3,4.401924846880872,Thompson-Sampling
3,4.203611996049656,Thompson-Sampling
3,4.220613195750483,Thompson-Sampling
3,3.799079355111794,Thompson-Sampling
3,3.798968636377736,Thompson-Sampling
3,3.635604356958309,Thompson-Sampling
3,5.526920036959052,Thompson-Sampling
3,2.9823262465055866,Thompson-Sampling
3,5.06572112462763,Thompson-Sampling
3,5.319868818912681,Thompson-Sampling
3,3.3409064753923627,Thompson-Sampling
3,3.7702170697614013,Thompson-Sampling
3,4.443699277373017,Thompson-Sampling
3,3.9803083558282983,Thompson-Sampling
3,3.9090542422447245,Thompson-Sampling
3,3.404349306458441,Thompson-Sampling
3,2.424073294582981,Thompson-Sampling
3,5.399567172365766,Thompson-Sampling
3,2.288953600034347,Thompson-Sampling
3,5.355322450432997,Thompson-Sampling
3,4.7380861082130785,Thompson-Sampling
3,4.034568526023928,Thompson-Sampling
3,4.10805095416046,Thompson-Sampling
3,4.241411556009635,Thompson-Sampling
3,3.8642202060048763,Thompson-Sampling
3,3.45059345854667,Thompson-Sampling
3,3.7437900087286553,Thompson-Sampling
3,3.143367528944338,Thompson-Sampling
3,3.901131609972307,Thompson-Sampling
3,1.9069331660600537,Thompson-Sampling
3,3.4293253564062356,Thompson-Sampling
3,4.740666773939843,Thompson-Sampling
3,2.0727252168133075,Thompson-Sampling
3,4.0102546983988905,Thompson-Sampling
3,4.454167371912789,Thompson-Sampling
3,3.976548844126405,Thompson-Sampling
3,4.6048147751859645,Thompson-Sampling
3,3.859390920498311,Thompson-Sampling
3,6.075237047771932,Thompson-Sampling
3,5.442546703457422,Thompson-Sampling
3,3.571460960102498,Thompson-Sampling
3,4.17700442473593,Thompson-Sampling
3,3.219316441267778,Thompson-Sampling
3,3.516528476777718,Thompson-Sampling
3,4.9524394129667435,Thompson-Sampling
3,4.820231908319572,Thompson-Sampling
3,3.6172363482191505,Thompson-Sampling
3,4.240107686556446,Thompson-Sampling
3,2.5746695855719866,Thompson-Sampling
3,3.862253998998378,Thompson-Sampling
3,3.7729081815214087,Thompson-Sampling
3,1.9470178524073516,Thompson-Sampling
3,4.228348581156529,Thompson-Sampling
3,5.332123197702741,Thompson-Sampling
3,4.941874720534062,Thompson-Sampling
3,3.7601156836488383,Thompson-Sampling
3,3.1789530121935283,Thompson-Sampling
3,3.1737735191559713,Thompson-Sampling
3,2.934502822675429,Thompson-Sampling
3,3.388983394626713,Thompson-Sampling
3,2.410237021003562,Thompson-Sampling
3,1.9360066989452323,Thompson-Sampling
3,4.867786198865747,Thompson-Sampling
3,6.359796006719842,Thompson-Sampling
3,5.089699578997875,Thompson-Sampling
3,4.070582180172483,Thompson-Sampling
3,3.171161052325642,Thompson-Sampling
3,3.199246559036495,Thompson-Sampling
3,2.7181477275355146,Thompson-Sampling
3,2.628125391281104,Thompson-Sampling
3,3.4031129381290777,Thompson-Sampling
3,3.240267444652442,Thompson-Sampling
3,4.694509764945172,Thompson-Sampling
3,3.837813177418709,Thompson-Sampling
3,4.225003538794038,Thompson-Sampling
3,2.7879173648966686,Thompson-Sampling
3,2.1766558371695686,Thompson-Sampling
3,4.252775789119766,Thompson-Sampling
3,2.196687971477979,Thompson-Sampling
3,4.040754442772089,Thompson-Sampling
3,4.583718001152346,Thompson-Sampling
3,4.933810986875166,Thompson-Sampling
3,3.0772562713608256,Thompson-Sampling
3,4.190519745957414,Thompson-Sampling
3,4.306095511676154,Thompson-Sampling
3,4.600361812097338,Thompson-Sampling
3,4.912019645072347,Thompson-Sampling
3,5.1751214670308645,Thompson-Sampling
3,4.763350997870599,Thompson-Sampling
3,4.328233831882184,Thompson-Sampling
3,3.864349795582481,Thompson-Sampling
3,3.7622574963181044,Thompson-Sampling
3,4.731882547250551,Thompson-Sampling
3,3.131110870298422,Thompson-Sampling
3,3.6064541987312833,Thompson-Sampling
3,4.648423248171911,Thompson-Sampling
3,4.984273227017212,Thompson-Sampling
3,4.812247499250368,Thompson-Sampling
3,5.128127119266662,Thompson-Sampling
3,5.174950333509707,Thompson-Sampling
3,4.316703695033262,Thompson-Sampling
3,5.776516987989256,Thompson-Sampling
3,2.0835215401131344,Thompson-Sampling
3,3.88742584199115,Thompson-Sampling
3,3.663966465985883,Thompson-Sampling
3,2.3704430454976535,Thompson-Sampling
3,3.8925955674037103,Thompson-Sampling
3,4.6142159982832975,Thompson-Sampling
3,4.565167778414417,Thompson-Sampling
3,4.226206920456657,Thompson-Sampling
3,3.0403329271459745,Thompson-Sampling
3,4.647572994536517,Thompson-Sampling
3,5.519280754790361,Thompson-Sampling
3,4.111969975561083,Thompson-Sampling
3,4.305788263473679,Thompson-Sampling
3,2.0147936734042022,Thompson-Sampling
3,3.5862862103442565,Thompson-Sampling
3,1.0069072201790163,Thompson-Sampling
3,4.67885750029388,Thompson-Sampling
3,2.4886139101938847,Thompson-Sampling
3,4.154780869851843,Thompson-Sampling
3,5.338555338534045,Thompson-Sampling
3,3.0872728894917563,Thompson-Sampling
3,2.819550894986854,Thompson-Sampling
3,4.138594115090431,Thompson-Sampling
3,4.527584318696761,Thompson-Sampling
3,3.7272489364488117,Thompson-Sampling
3,4.127978450702411,Thompson-Sampling
3,3.839364892986529,Thompson-Sampling
3,2.9182354370499306,Thompson-Sampling
3,4.331266285527287,Thompson-Sampling
3,3.9669454181379113,Thompson-Sampling
3,4.312484349716067,Thompson-Sampling
3,3.7795339264085928,Thompson-Sampling
3,5.145854457788754,Thompson-Sampling
3,3.354661785706657,Thompson-Sampling
3,4.271284685254362,Thompson-Sampling
3,6.018666239917478,Thompson-Sampling
3,1.1727872978930605,Thompson-Sampling
3,2.4938798882585536,Thompson-Sampling
3,4.15687963992769,Thompson-Sampling
3,3.064006569245492,Thompson-Sampling
3,3.9999647035388306,Thompson-Sampling
3,2.3132942401188332,Thompson-Sampling
3,1.7230231653243422,Thompson-Sampling
3,3.7209449304249196,Thompson-Sampling
3,3.827995149078506,Thompson-Sampling
3,3.4185284260000746,Thompson-Sampling
3,4.196149331884506,Thompson-Sampling
3,5.385835890732408,Thompson-Sampling
3,2.4866661310183478,Thompson-Sampling
3,3.370034648184636,Thompson-Sampling
3,3.3760941656577197,Thompson-Sampling
3,2.851117782341364,Thompson-Sampling
3,1.9162215491976147,Thompson-Sampling
3,4.454283429755697,Thompson-Sampling
3,5.119187673320911,Thompson-Sampling
3,5.045139211862338,Thompson-Sampling
3,4.3337164704147435,Thompson-Sampling
3,3.968565833674764,Thompson-Sampling
3,3.646612281229893,Thompson-Sampling
3,2.7301024826468856,Thompson-Sampling
3,4.239356357276344,Thompson-Sampling
3,4.4609111528100245,Thompson-Sampling
3,5.167931312290039,Thompson-Sampling
3,4.172364684076159,Thompson-Sampling
3,2.6114445809616162,Thompson-Sampling
3,3.993424069293123,Thompson-Sampling
3,5.475564769288547,Thompson-Sampling
3,2.7464023821684096,Thompson-Sampling
3,3.850727695390459,Thompson-Sampling
3,2.830349413340475,Thompson-Sampling
3,3.4246138914898583,Thompson-Sampling
3,3.223165775870826,Thompson-Sampling
3,3.762410468761012,Thompson-Sampling
3,4.741361192104931,Thompson-Sampling
3,5.288884904105712,Thompson-Sampling
3,3.587261874370353,Thompson-Sampling
3,3.1903554958105658,Thompson-Sampling
3,6.14148062337129,Thompson-Sampling
3,3.3738919921807247,Thompson-Sampling
3,3.2193738648459833,Thompson-Sampling
3,5.563702485469738,Thompson-Sampling
3,3.8104490334322714,Thompson-Sampling
3,4.108446026500037,Thompson-Sampling
3,3.914038906805933,Thompson-Sampling
3,3.4537860009527446,Thompson-Sampling
3,5.240867354570241,Thompson-Sampling
3,3.8360219633311474,Thompson-Sampling
3,3.16705316670189,Thompson-Sampling
3,3.1323026975290773,Thompson-Sampling
3,5.744412081736652,Thompson-Sampling
3,7.473003293504021,Thompson-Sampling
3,5.015695839335157,Thompson-Sampling
3,4.8748419975442445,Thompson-Sampling
3,3.405887438106488,Thompson-Sampling
3,2.4018656272814853,Thompson-Sampling
3,4.417968502502982,Thompson-Sampling
3,5.543295543607507,Thompson-Sampling
3,3.668321153595441,Thompson-Sampling
3,3.549106102919784,Thompson-Sampling
3,4.076358967671702,Thompson-Sampling
3,5.129746728384391,Thompson-Sampling
3,3.8852610212779086,Thompson-Sampling
3,4.002889987709368,Thompson-Sampling
3,2.2316571055635306,Thompson-Sampling
3,2.344688240332215,Thompson-Sampling
3,5.161978407101211,Thompson-Sampling
3,3.8319575479002874,Thompson-Sampling
3,4.602286849925064,Thompson-Sampling
3,3.545073537652038,Thompson-Sampling
3,6.2688345374001,Thompson-Sampling
3,5.965511532636203,Thompson-Sampling
3,3.909609504074837,Thompson-Sampling
3,4.553107634421396,Thompson-Sampling
3,4.323523314768758,Thompson-Sampling
3,2.7108846487360867,Thompson-Sampling
3,2.258246078898658,Thompson-Sampling
3,4.593241807800615,Thompson-Sampling
3,3.3837462503834628,Thompson-Sampling
3,2.432543469443554,Thompson-Sampling
3,2.3926822094179494,Thompson-Sampling
3,3.880807888973842,Thompson-Sampling
3,4.889045912628623,Thompson-Sampling
3,3.615253356713508,Thompson-Sampling
3,4.493788316203055,Thompson-Sampling
3,3.2450994030826155,Thompson-Sampling
3,3.2758615130113213,Thompson-Sampling
3,2.6949795235059626,Thompson-Sampling
3,3.428445717618401,Thompson-Sampling
3,3.4943880478227016,Thompson-Sampling
3,5.747174410339646,Thompson-Sampling
3,3.7807307486823816,Thompson-Sampling
3,4.919053957018178,Thompson-Sampling
3,4.193407167388739,Thompson-Sampling
3,4.725170341745973,Thompson-Sampling
3,3.76959195140214,Thompson-Sampling
3,2.0888311626282743,Thompson-Sampling
3,3.16563927305318,Thompson-Sampling
3,4.499233289804804,Thompson-Sampling
3,4.521458345466264,Thompson-Sampling
3,2.961057933796791,Thompson-Sampling
3,3.5815181819916426,Thompson-Sampling
3,4.858568406272531,Thompson-Sampling
3,3.693542481282226,Thompson-Sampling
3,4.023913281436185,Thompson-Sampling
3,5.2349963372987585,Thompson-Sampling
3,4.455519249366758,Thompson-Sampling
3,4.270162495712338,Thompson-Sampling
3,2.6788221009994357,Thompson-Sampling
3,4.230523548629762,Thompson-Sampling
3,5.1184981826986276,Thompson-Sampling
3,4.590860668625254,Thompson-Sampling
3,4.33413636069935,Thompson-Sampling
3,3.2743221287622655,Thompson-Sampling
3,2.6017742323612065,Thompson-Sampling
3,4.982040654220561,Thompson-Sampling
3,5.549188676606766,Thompson-Sampling
3,5.647162391669515,Thompson-Sampling
3,4.02387743722209,Thompson-Sampling
3,3.2845496745538547,Thompson-Sampling
3,3.4971239672966403,Thompson-Sampling
3,4.968954535858321,Thompson-Sampling
3,4.113729426786418,Thompson-Sampling
3,3.43640815594811,Thompson-Sampling
3,3.8423555683403214,Thompson-Sampling
3,3.60304625789396,Thompson-Sampling
3,2.291569445023862,Thompson-Sampling
3,5.669749151714321,Thompson-Sampling
3,3.16837468973535,Thompson-Sampling
3,3.8990711769633095,Thompson-Sampling
3,5.605940483299006,Thompson-Sampling
3,3.90412146206798,Thompson-Sampling
3,5.603874851606463,Thompson-Sampling
3,4.037752103779911,Thompson-Sampling
3,3.9176990684461863,Thompson-Sampling
3,2.9706987619478564,Thompson-Sampling
3,3.7703628252269112,Thompson-Sampling
3,2.791587779352153,Thompson-Sampling
3,3.1157462480988687,Thompson-Sampling
3,3.307161787156275,Thompson-Sampling
3,5.713182610674446,Thompson-Sampling
3,4.207698031692194,Thompson-Sampling
3,5.878300369490331,Thompson-Sampling
3,4.807396616608518,Thompson-Sampling
3,3.6569012328448225,Thompson-Sampling
3,3.559317456345701,Thompson-Sampling
3,4.594159804340247,Thompson-Sampling
3,2.2754384458101153,Thompson-Sampling
3,2.7952581105326653,Thompson-Sampling
3,3.5300815458677848,Thompson-Sampling
3,6.116386849663474,Thompson-Sampling
3,3.761804000677284,Thompson-Sampling
3,3.514358094529353,Thompson-Sampling
3,4.43348916075698,Thompson-Sampling
3,4.5321284027482065,Thompson-Sampling
3,3.560747710028211,Thompson-Sampling
3,3.163492908396621,Thompson-Sampling
3,5.936481015405797,Thompson-Sampling
3,3.4544479593493755,Thompson-Sampling
3,3.91440246345195,Thompson-Sampling
3,4.696017361100536,Thompson-Sampling
3,3.8716503952581203,Thompson-Sampling
3,5.138489640592005,Thompson-Sampling
3,4.898371434636217,Thompson-Sampling
3,4.822584939885683,Thompson-Sampling
3,2.090089460879676,Thompson-Sampling
3,4.697085115268321,Thompson-Sampling
3,4.799019145976418,Thompson-Sampling
3,4.586323490495341,Thompson-Sampling
3,4.146453501982505,Thompson-Sampling
3,3.8434606922857073,Thompson-Sampling
3,5.967744908670628,Thompson-Sampling
3,4.176388215476244,Thompson-Sampling
3,4.090686542010726,Thompson-Sampling
3,5.94309839061194,Thompson-Sampling
3,4.619326074518393,Thompson-Sampling
3,3.749549128397625,Thompson-Sampling
3,4.556918132750989,Thompson-Sampling
3,6.647166910478191,Thompson-Sampling
3,4.395889784863531,Thompson-Sampling
3,3.6379816148582957,Thompson-Sampling
3,4.439248941909333,Thompson-Sampling
3,3.5271906669781883,Thompson-Sampling
3,4.563281114349824,Thompson-Sampling
3,4.2833951379701745,Thompson-Sampling
3,4.009304684562263,Thompson-Sampling
3,7.136783727110895,Thompson-Sampling
3,6.583533178013299,Thompson-Sampling
3,6.463991676522114,Thompson-Sampling
3,2.5250552845701035,Thompson-Sampling
3,3.084394512399869,Thompson-Sampling
3,5.408158538194438,Thompson-Sampling
3,3.683682984452804,Thompson-Sampling
3,2.908516199542477,Thompson-Sampling
3,4.9311112768425245,Thompson-Sampling
3,2.413020460565426,Thompson-Sampling
3,4.8543714553033475,Thompson-Sampling
3,4.0735358331471705,Thompson-Sampling
3,3.49079944046471,Thompson-Sampling
3,4.097296821548444,Thompson-Sampling
3,1.8706096951695153,Thompson-Sampling
3,3.9194471166325977,Thompson-Sampling
3,3.27304979771396,Thompson-Sampling
3,3.570652072079789,Thompson-Sampling
3,4.762672439733556,Thompson-Sampling
3,3.39034052600726,Thompson-Sampling
3,5.518944214435965,Thompson-Sampling
3,5.1232378435404495,Thompson-Sampling
3,4.258039808939125,Thompson-Sampling
3,4.5787148925441565,Thompson-Sampling
3,4.067297541250461,Thompson-Sampling
3,4.2834325346804425,Thompson-Sampling
3,4.014228858559644,Thompson-Sampling
3,3.111407632897046,Thompson-Sampling
3,4.619944801539068,Thompson-Sampling
3,4.470368305579621,Thompson-Sampling
3,3.713284045696892,Thompson-Sampling
3,5.713528778670738,Thompson-Sampling
3,4.834358485053459,Thompson-Sampling
3,2.342499613513877,Thompson-Sampling
3,4.997506797538952,Thompson-Sampling
3,4.497509061916267,Thompson-Sampling
3,3.3250287495861044,Thompson-Sampling
3,2.6516393178729,Thompson-Sampling
3,3.575840666337828,Thompson-Sampling
3,2.070259894269755,Thompson-Sampling
3,3.4456725582326424,Thompson-Sampling
3,3.4960275427384784,Thompson-Sampling
3,4.784614648477059,Thompson-Sampling
3,4.244245983305746,Thompson-Sampling
3,3.3968279461876083,Thompson-Sampling
3,5.267204073738829,Thompson-Sampling
3,4.967687198780059,Thompson-Sampling
3,3.649614466982826,Thompson-Sampling
3,2.7018347079264387,Thompson-Sampling
3,6.447818872937731,Thompson-Sampling
3,3.010749797852112,Thompson-Sampling
3,3.95559422614361,Thompson-Sampling
3,4.057675469063475,Thompson-Sampling
3,5.353104672885833,Thompson-Sampling
3,3.8530776034531393,Thompson-Sampling
3,3.9020255306963842,Thompson-Sampling
3,5.822696173766824,Thompson-Sampling
3,3.7714465141855293,Thompson-Sampling
3,4.255421138702246,Thompson-Sampling
3,3.399211517354224,Thompson-Sampling
3,3.546179390069534,Thompson-Sampling
3,5.180902824019581,Thompson-Sampling
3,2.8883492504168156,Thompson-Sampling
3,3.8613747434011736,Thompson-Sampling
3,3.1881760177177254,Thompson-Sampling
3,4.204791969330967,Thompson-Sampling
3,3.0180188128713503,Thompson-Sampling
3,3.187355905076864,Thompson-Sampling
3,4.310097597605455,Thompson-Sampling
3,4.338831364550246,Thompson-Sampling
3,2.434476075300907,Thompson-Sampling
3,4.005282014186816,Thompson-Sampling
3,2.9993926952522134,Thompson-Sampling
3,4.765182836767829,Thompson-Sampling
3,3.7041720830057656,Thompson-Sampling
3,3.3904486196200896,Thompson-Sampling
3,3.4845071465803907,Thompson-Sampling
3,4.748808711422414,Thompson-Sampling
3,4.373249601452083,Thompson-Sampling
3,2.2092566380205936,Thompson-Sampling
3,4.031039904426528,Thompson-Sampling
3,4.164611220046808,Thompson-Sampling
3,3.5712503316069113,Thompson-Sampling
3,4.418291247522972,Thompson-Sampling
3,4.214015104805856,Thompson-Sampling
3,4.751007069640572,Thompson-Sampling
3,5.099300129374191,Thompson-Sampling
3,5.294615358938059,Thompson-Sampling
3,3.8777327830092783,Thompson-Sampling
3,5.277511712070977,Thompson-Sampling
3,4.45812947277195,Thompson-Sampling
3,4.357703387227385,Thompson-Sampling
3,4.2614363363784165,Thompson-Sampling
3,4.257510391972317,Thompson-Sampling
3,4.009014383460748,Thompson-Sampling
3,4.303965239206995,Thompson-Sampling
3,5.052810773947938,Thompson-Sampling
3,3.204099806611996,Thompson-Sampling
3,2.8804038863191237,Thompson-Sampling
3,5.074970974213561,Thompson-Sampling
3,3.4207637037905685,Thompson-Sampling
3,3.9683950685445595,Thompson-Sampling
3,3.6662244394515686,Thompson-Sampling
3,3.9325044539359633,Thompson-Sampling
3,4.077422681414081,Thompson-Sampling
3,3.5661054273588935,Thompson-Sampling
3,3.1846984112243226,Thompson-Sampling
3,4.8724100235372685,Thompson-Sampling
3,4.025867469286165,Thompson-Sampling
3,3.6457876654753596,Thompson-Sampling
3,5.824207124661212,Thompson-Sampling
3,2.6408275210251277,Thompson-Sampling
3,3.792608842803763,Thompson-Sampling
3,4.178017188425683,Thompson-Sampling
3,4.433534139521003,Thompson-Sampling
3,2.688646964347618,Thompson-Sampling
3,3.1070709483072814,Thompson-Sampling
3,3.6292328728845455,Thompson-Sampling
3,4.446458338835661,Thompson-Sampling
3,4.3937262124886765,Thompson-Sampling
3,3.3122577946941694,Thompson-Sampling
3,3.5425264049959786,Thompson-Sampling
3,2.4652190127336375,Thompson-Sampling
3,3.1819917751197004,Thompson-Sampling
3,3.1550825463543757,Thompson-Sampling
3,2.9284453869982556,Thompson-Sampling
3,5.253749722366841,Thompson-Sampling
3,4.8680145365117315,Thompson-Sampling
3,2.472055463958994,Thompson-Sampling
3,3.5836120595224177,Thompson-Sampling
3,5.318479340570084,Thompson-Sampling
3,4.217512985282569,Thompson-Sampling
3,1.6810077284574554,Thompson-Sampling
3,3.549792970603163,Thompson-Sampling
3,2.556828011946564,Thompson-Sampling
3,4.495847516901785,Thompson-Sampling
3,5.125225315858334,Thompson-Sampling
3,3.3300101929238193,Thompson-Sampling
3,4.462817003321542,Thompson-Sampling
3,3.7290096291567543,Thompson-Sampling
3,4.482315327057265,Thompson-Sampling
3,4.872030128113189,Thompson-Sampling
3,5.76728068602101,Thompson-Sampling
3,4.013255756597398,Thompson-Sampling
3,3.197019842906328,Thompson-Sampling
3,4.253296530528021,Thompson-Sampling
3,3.959138275543003,Thompson-Sampling
3,3.6647492237904644,Thompson-Sampling
3,2.5898056072561846,Thompson-Sampling
3,5.081067929671311,Thompson-Sampling
3,4.283954241053748,Thompson-Sampling
3,4.3250007165448645,Thompson-Sampling
3,5.682330981069911,Thompson-Sampling
3,4.021297268576192,Thompson-Sampling
3,4.195561356886813,Thompson-Sampling
3,4.3866224103569476,Thompson-Sampling
3,3.4614171110437333,Thompson-Sampling
3,3.156054410223584,Thompson-Sampling
3,6.296495932919797,Thompson-Sampling
3,3.0016635828730536,Thompson-Sampling
3,2.533134598291047,Thompson-Sampling
3,4.508820879073428,Thompson-Sampling
3,3.3169980905983403,Thompson-Sampling
3,3.275833526062169,Thompson-Sampling
3,3.448765788342017,Thompson-Sampling
3,3.5495144241269863,Thompson-Sampling
3,3.5997572478143693,Thompson-Sampling
3,3.9888817764591806,Thompson-Sampling
3,2.981456275913795,Thompson-Sampling
3,2.437530498253203,Thompson-Sampling
3,3.1088392782046146,Thompson-Sampling
3,5.0485402272373,Thompson-Sampling
3,3.155552803339178,Thompson-Sampling
3,4.04300537090705,Thompson-Sampling
3,5.021872203507324,Thompson-Sampling
3,3.920026975222362,Thompson-Sampling
3,3.941369010445694,Thompson-Sampling
3,5.796503595132091,Thompson-Sampling
3,4.269465056618524,Thompson-Sampling
3,3.815089433204729,Thompson-Sampling
3,5.761298676974634,Thompson-Sampling
3,2.644376132360902,Thompson-Sampling
3,4.47489143148915,Thompson-Sampling
3,2.7828778360663255,Thompson-Sampling
3,3.339457411265522,Thompson-Sampling
3,3.672109234954648,Thompson-Sampling
3,4.195259644577333,Thompson-Sampling
3,4.140752712483178,Thompson-Sampling
3,4.126811577560154,Thompson-Sampling
3,5.274443585976076,Thompson-Sampling
3,3.086779314944362,Thompson-Sampling
3,3.032371605771581,Thompson-Sampling
3,4.100932082769133,Thompson-Sampling
3,2.9854203204169885,Thompson-Sampling
3,4.165055380916508,Thompson-Sampling
3,2.640316278377613,Thompson-Sampling
3,4.695320206775562,Thompson-Sampling
3,4.1187689624493045,Thompson-Sampling
3,3.986487344798996,Thompson-Sampling
3,4.829553811423765,Thompson-Sampling
3,3.178741070076006,Thompson-Sampling
3,4.762406860396009,Thompson-Sampling
3,4.024525686406219,Thompson-Sampling
3,4.446186240177182,Thompson-Sampling
3,3.0950522141588976,Thompson-Sampling
3,3.464035724680192,Thompson-Sampling
3,3.004001235125427,Thompson-Sampling
3,6.375671335147696,Thompson-Sampling
3,5.107879751923225,Thompson-Sampling
3,3.756035085540111,Thompson-Sampling
3,4.277799819643979,Thompson-Sampling
3,4.46498322589994,Thompson-Sampling
3,3.8138172452202914,Thompson-Sampling
3,2.783778916479582,Thompson-Sampling
3,3.6404813127166946,Thompson-Sampling
3,3.7539983292207992,Thompson-Sampling
3,5.060597510102927,Thompson-Sampling
3,2.9509702987798656,Thompson-Sampling
3,5.350948192127987,Thompson-Sampling
3,3.367036609610037,Thompson-Sampling
3,3.331426419785422,Thompson-Sampling
3,5.74446627195908,Thompson-Sampling
3,3.2409774750106353,Thompson-Sampling
3,1.0246183450258965,Thompson-Sampling
3,4.361690191149611,Thompson-Sampling
3,4.140327091750054,Thompson-Sampling
3,4.561942691877113,Thompson-Sampling
3,4.323901725317411,Thompson-Sampling
3,4.218913252691536,Thompson-Sampling
3,4.164212319872881,Thompson-Sampling
3,4.220493412447866,Thompson-Sampling
3,4.117713780347524,Thompson-Sampling
3,4.999437018209371,Thompson-Sampling
3,5.161651772740239,Thompson-Sampling
3,4.452629565783935,Thompson-Sampling
3,3.1627242878293256,Thompson-Sampling
3,5.603948832542147,Thompson-Sampling
3,5.705438891295824,Thompson-Sampling
3,4.329471727475345,Thompson-Sampling
3,4.94294482309768,Thompson-Sampling
3,2.619414198714762,Thompson-Sampling
3,4.588031786033643,Thompson-Sampling
3,3.624287362469211,Thompson-Sampling
3,5.318842156386836,Thompson-Sampling
3,4.514587561760842,Thompson-Sampling
3,2.6740807563816826,Thompson-Sampling
3,4.126587917107862,Thompson-Sampling
3,4.340899500405729,Thompson-Sampling
3,5.345030276502578,Thompson-Sampling
3,3.338850841041528,Thompson-Sampling
3,3.3945136893892762,Thompson-Sampling
3,4.987810324467406,Thompson-Sampling
3,5.253861790552498,Thompson-Sampling
3,2.0875211580907878,Thompson-Sampling
3,3.8858305643287796,Thompson-Sampling
3,6.042904741361948,Thompson-Sampling
3,2.4333478281214935,Thompson-Sampling
3,4.635699612071716,Thompson-Sampling
3,2.9794895473608873,Thompson-Sampling
3,2.413285582651749,Thompson-Sampling
3,4.506575406403365,Thompson-Sampling
3,1.7359855126669217,Thompson-Sampling
3,4.862322657025051,Thompson-Sampling
3,5.08121484792223,Thompson-Sampling
3,4.670608798606988,Thompson-Sampling
3,3.970804778341241,Thompson-Sampling
3,3.128154222800534,Thompson-Sampling
3,3.60859119139273,Thompson-Sampling
3,3.891659543446735,Thompson-Sampling
3,4.20290643626753,Thompson-Sampling
3,3.096544205671454,Thompson-Sampling
3,2.4893918227408447,Thompson-Sampling
3,4.259145386626923,Thompson-Sampling
3,5.332245041759467,Thompson-Sampling
3,3.1751571916463335,Thompson-Sampling
3,3.168799422639052,Thompson-Sampling
3,5.311204864421533,Thompson-Sampling
3,4.893461444809901,Thompson-Sampling
3,3.5220506466586237,Thompson-Sampling
3,2.7898277087184775,Thompson-Sampling
3,4.0873354275384655,Thompson-Sampling
3,5.117127358761891,Thompson-Sampling
3,3.8810444246745637,Thompson-Sampling
3,3.9603288880274032,Thompson-Sampling
3,4.417798412983779,Thompson-Sampling
3,5.6573903828891225,Thompson-Sampling
3,2.64598141118662,Thompson-Sampling
3,5.820370997017149,Thompson-Sampling
3,2.8010920044223724,Thompson-Sampling
3,3.8143763097309344,Thompson-Sampling
3,2.6140397890412714,Thompson-Sampling
3,3.907248488030677,Thompson-Sampling
3,3.485094149453129,Thompson-Sampling
3,5.241325540456984,Thompson-Sampling
3,4.321541584206141,Thompson-Sampling
3,5.39344592119625,Thompson-Sampling
3,4.269536331254097,Thompson-Sampling
3,5.5899053559929985,Thompson-Sampling
3,4.685400161149593,Thompson-Sampling
3,4.751588584762782,Thompson-Sampling
3,3.2619114764611696,Thompson-Sampling
3,4.26031717755766,Thompson-Sampling
3,2.8713326797904584,Thompson-Sampling
3,4.177823394712264,Thompson-Sampling
3,3.7717703682274943,Thompson-Sampling
3,5.199384713211792,Thompson-Sampling
3,3.5408513663376096,Thompson-Sampling
3,3.8470294935272644,Thompson-Sampling
3,3.08244200703495,Thompson-Sampling
3,4.779959735349962,Thompson-Sampling
3,2.621110623336061,Thompson-Sampling
3,4.8339532409116295,Thompson-Sampling
3,4.427874241406638,Thompson-Sampling
3,2.0983879596549,Thompson-Sampling
3,5.196197813059203,Thompson-Sampling
3,2.9856774924763347,Thompson-Sampling
3,2.599222257670468,Thompson-Sampling
3,4.837655242562019,Thompson-Sampling
3,5.487295257977361,Thompson-Sampling
3,4.636465045560069,Thompson-Sampling
3,5.396178090570618,Thompson-Sampling
3,3.144293961862852,Thompson-Sampling
3,4.267689382906488,Thompson-Sampling
3,2.4036174286633383,Thompson-Sampling
3,2.8463409804044444,Thompson-Sampling
3,4.164235575052845,Thompson-Sampling
3,3.6192237489057657,Thompson-Sampling
3,3.7110936604485474,Thompson-Sampling
3,3.1947310994626834,Thompson-Sampling
3,4.682325041772672,Thompson-Sampling
3,4.69117778669818,Thompson-Sampling
3,5.378567457661933,Thompson-Sampling
3,3.5482098910845203,Thompson-Sampling
3,4.498577222716424,Thompson-Sampling
3,3.386570663643947,Thompson-Sampling
3,5.800802027306291,Thompson-Sampling
3,2.8626254481781555,Thompson-Sampling
3,3.9425255411348195,Thompson-Sampling
3,4.827503211860641,Thompson-Sampling
3,0.8435051103532336,Thompson-Sampling
3,3.9864284834381576,Thompson-Sampling
3,4.6434342116850615,Thompson-Sampling
3,4.8076127083113445,Thompson-Sampling
3,3.7967071610296528,Thompson-Sampling
3,4.841432903456564,Thompson-Sampling
3,3.9879457268086695,Thompson-Sampling
3,4.601791979866823,Thompson-Sampling
3,3.5045310519797295,Thompson-Sampling
3,2.9630698451356325,Thompson-Sampling
3,4.285622747772275,Thompson-Sampling
3,3.7402080915223688,Thompson-Sampling
3,5.040033293520291,Thompson-Sampling
3,4.6170823719337095,Thompson-Sampling
3,4.785145595704321,Thompson-Sampling
3,2.7132909922068063,Thompson-Sampling
3,4.221010920085682,Thompson-Sampling
3,2.9232301702006334,Thompson-Sampling
3,2.36030084878882,Thompson-Sampling
3,5.219495477885105,Thompson-Sampling
3,4.259349732795888,Thompson-Sampling
3,3.0788481730760284,Thompson-Sampling
3,2.9269065707208366,Thompson-Sampling
3,3.3615963988542608,Thompson-Sampling
3,3.6822021164394485,Thompson-Sampling
3,5.125435745159842,Thompson-Sampling
3,4.256762585497185,Thompson-Sampling
3,3.651069082740307,Thompson-Sampling
3,3.990126200552873,Thompson-Sampling
3,3.541282464598762,Thompson-Sampling
3,2.384075172734471,Thompson-Sampling
3,3.3367280250143168,Thompson-Sampling
3,5.246428933003603,Thompson-Sampling
3,3.7689218031171814,Thompson-Sampling
3,3.6215630536631394,Thompson-Sampling
3,4.884158333538578,Thompson-Sampling
3,3.5686813718159893,Thompson-Sampling
3,5.264442677874448,Thompson-Sampling
3,4.624609283960793,Thompson-Sampling
3,3.4514225124397324,Thompson-Sampling
3,4.732454197194052,Thompson-Sampling
3,4.724533315432575,Thompson-Sampling
3,3.479062916484958,Thompson-Sampling
3,4.4609856420022975,Thompson-Sampling
3,4.264868424705363,Thompson-Sampling
3,5.250744127605564,Thompson-Sampling
3,4.266314898842826,Thompson-Sampling
3,3.9923001721298967,Thompson-Sampling
3,4.452244214196653,Thompson-Sampling
3,3.558713366991133,Thompson-Sampling
3,5.180773361745613,Thompson-Sampling
3,3.254823083711781,Thompson-Sampling
3,3.66693460899471,Thompson-Sampling
3,4.889479307820745,Thompson-Sampling
3,4.313060439377079,Thompson-Sampling
3,4.715935149523784,Thompson-Sampling
3,3.6082719711767712,Thompson-Sampling
3,3.4126774384683594,Thompson-Sampling
3,4.8556399444906875,Thompson-Sampling
3,5.085516919266491,Thompson-Sampling
3,4.317595808863625,Thompson-Sampling
3,4.4562842730792935,Thompson-Sampling
3,4.047359346847685,Thompson-Sampling
3,3.5630286512636724,Thompson-Sampling
3,5.3096947695258345,Thompson-Sampling
3,3.637201837948807,Thompson-Sampling
3,2.693818881527633,Thompson-Sampling
3,5.505260914586166,Thompson-Sampling
3,4.496234844565188,Thompson-Sampling
3,3.2089152765388977,Thompson-Sampling
3,3.5006551801642196,Thompson-Sampling
3,4.390736051787101,Thompson-Sampling
3,3.5879936940370527,Thompson-Sampling
3,4.517239870715864,Thompson-Sampling
3,2.628458036817195,Thompson-Sampling
3,4.656351638345678,Thompson-Sampling
3,4.097873467654341,Thompson-Sampling
3,3.6695873747515577,Thompson-Sampling
3,4.484990977526667,Thompson-Sampling
3,2.4983951465152128,Thompson-Sampling
3,4.0916437036879865,Thompson-Sampling
3,3.396282234432212,Thompson-Sampling
3,4.479587157092522,Thompson-Sampling
3,3.752019297222382,Thompson-Sampling
3,3.4957750729408827,Thompson-Sampling
3,4.096845965664745,Thompson-Sampling
3,4.703370754948613,Thompson-Sampling
3,2.7132571843462996,Thompson-Sampling
3,5.3487210217251855,Thompson-Sampling
3,5.406638405849165,Thompson-Sampling
3,5.127549467013587,Thompson-Sampling
3,3.0696191429903683,Thompson-Sampling
3,2.7869747597873102,Thompson-Sampling
3,2.9546996934381093,Thompson-Sampling
3,3.63114769129068,Thompson-Sampling
3,2.93580208439899,Thompson-Sampling
3,3.9377442787263957,Thompson-Sampling
3,2.447000313283275,Thompson-Sampling
3,3.636814936309167,Thompson-Sampling
3,1.7077445255450563,Thompson-Sampling
3,4.303160852803694,Thompson-Sampling
3,5.1148165691607455,Thompson-Sampling
3,4.907428093191898,Thompson-Sampling
3,3.666006236618899,Thompson-Sampling
3,3.8011530489621688,Thompson-Sampling
3,3.4992648223716065,Thompson-Sampling
3,6.124163776788809,Thompson-Sampling
3,5.405475758907936,Thompson-Sampling
3,2.7430152220461395,Thompson-Sampling
3,1.7336065955535411,Thompson-Sampling
3,3.1775644841445496,Thompson-Sampling
3,4.916892205267188,Thompson-Sampling
3,5.455123570895772,Thompson-Sampling
3,5.0690103405026035,Thompson-Sampling
3,4.301267494830883,Thompson-Sampling
3,3.963076640211139,Thompson-Sampling
3,3.3578432278599917,Thompson-Sampling
3,5.209175884921112,Thompson-Sampling
3,4.600382222035027,Thompson-Sampling
3,4.351748637211145,Thompson-Sampling
3,3.1613950128308788,Thompson-Sampling
3,3.941533513235492,Thompson-Sampling
3,1.1785441680495095,Thompson-Sampling
3,4.436626367624715,Thompson-Sampling
3,5.2211252732373605,Thompson-Sampling
3,5.6921727360511065,Thompson-Sampling
3,4.3749234658687985,Thompson-Sampling
3,3.623980490645036,Thompson-Sampling
3,4.304411800960298,Thompson-Sampling
3,3.606898552237362,Thompson-Sampling
3,3.028072581430405,Thompson-Sampling
3,4.216534439206983,Thompson-Sampling
3,1.7795827354388964,Thompson-Sampling
3,4.726004195012853,Thompson-Sampling
3,4.678823831737134,Thompson-Sampling
3,3.7174125762349606,Thompson-Sampling
3,3.1185287871052356,Thompson-Sampling
3,4.130481361457795,Thompson-Sampling
3,5.793942214817358,Thompson-Sampling
3,3.95138053625055,Thompson-Sampling
3,4.631303439331536,Thompson-Sampling
3,2.4790746400016372,Thompson-Sampling
3,2.7215565380500353,Thompson-Sampling
3,4.726250161254779,Thompson-Sampling
3,6.478012409087812,Thompson-Sampling
3,1.9048496693032928,Thompson-Sampling
3,4.480577162518689,Thompson-Sampling
3,6.535043784784836,Thompson-Sampling
3,3.6181612024365783,Thompson-Sampling
3,4.402219213973076,Thompson-Sampling
3,4.600765302474068,Thompson-Sampling
3,4.1413982128634705,Thompson-Sampling
3,1.3812376546535083,Thompson-Sampling
3,6.1304312459225585,Thompson-Sampling
3,4.651626056455893,Thompson-Sampling
3,5.729839962712203,Thompson-Sampling
3,3.356450071841139,Thompson-Sampling
3,4.841106290063595,Thompson-Sampling
3,2.413239847332001,Thompson-Sampling
3,4.716956429429455,Thompson-Sampling
3,3.463515112114404,Thompson-Sampling
3,4.682375987999071,Thompson-Sampling
3,2.095994857336969,Thompson-Sampling
3,3.617484372909658,Thompson-Sampling
3,2.754879199939702,Thompson-Sampling
3,2.7266275973885845,Thompson-Sampling
3,3.9300130997797766,Thompson-Sampling
3,3.6746294701159354,Thompson-Sampling
3,4.357041067876445,Thompson-Sampling
3,3.6960229522757375,Thompson-Sampling
3,3.346433733068624,Thompson-Sampling
3,3.1383405815756515,Thompson-Sampling
3,3.1738303243623065,Thompson-Sampling
3,5.064257607595073,Thompson-Sampling
3,2.9941913721716915,Thompson-Sampling
3,4.858964681666363,Thompson-Sampling
3,2.840406500202315,Thompson-Sampling
3,3.6543419971152007,Thompson-Sampling
3,3.3444568640472214,Thompson-Sampling
3,4.595976103202189,Thompson-Sampling
3,4.2824733695356665,Thompson-Sampling
3,3.638886392768086,Thompson-Sampling
3,2.31308686599602,Thompson-Sampling
3,2.589320641548426,Thompson-Sampling
3,4.368669597571126,Thompson-Sampling
3,4.054834906136768,Thompson-Sampling
3,3.487358056876455,Thompson-Sampling
3,3.619804378388881,Thompson-Sampling
3,4.106633270134877,Thompson-Sampling
3,5.3105066637736265,Thompson-Sampling
3,3.9583541314984814,Thompson-Sampling
3,4.237711973250181,Thompson-Sampling
3,2.5364574827569597,Thompson-Sampling
3,3.3777568992094382,Thompson-Sampling
3,3.0006563009552165,Thompson-Sampling
3,4.391050931210238,Thompson-Sampling
3,4.397478142644361,Thompson-Sampling
3,4.708654683380109,Thompson-Sampling
3,4.531244770489263,Thompson-Sampling
3,4.463482900058261,Thompson-Sampling
3,4.574756458450867,Thompson-Sampling
3,4.559156965210258,Thompson-Sampling
3,3.1818961445839946,Thompson-Sampling
3,4.6196168262477375,Thompson-Sampling
3,2.9588399057988912,Thompson-Sampling
3,3.1909148595029597,Thompson-Sampling
3,4.102786044982395,Thompson-Sampling
3,2.687598076598574,Thompson-Sampling
3,3.5656891958521175,Thompson-Sampling
3,2.7436940959845053,Thompson-Sampling
3,2.7192281528637254,Thompson-Sampling
3,4.409679309004607,Thompson-Sampling
3,3.073001084771012,Thompson-Sampling
3,3.6256981955284107,Thompson-Sampling
3,3.924069204548097,Thompson-Sampling
3,3.3734261245013855,Thompson-Sampling
3,3.3950282177513076,Thompson-Sampling
3,5.034986954205813,Thompson-Sampling
3,3.2586322994081396,Thompson-Sampling
3,4.505159655522692,Thompson-Sampling
3,4.42142493211054,Thompson-Sampling
3,3.5857809703416432,Thompson-Sampling
3,3.035670373278763,Thompson-Sampling
3,3.6705762506917337,Thompson-Sampling
3,4.522115083846957,Thompson-Sampling
3,4.01224379641078,Thompson-Sampling
3,4.284940315830537,Thompson-Sampling
3,4.291114271615206,Thompson-Sampling
3,3.491852233559861,Thompson-Sampling
3,3.9027433621373375,Thompson-Sampling
3,5.041503931203749,Thompson-Sampling
3,5.810113031697457,Thompson-Sampling
3,2.6989767508748046,Thompson-Sampling
3,4.464844707408247,Thompson-Sampling
3,4.688989034926449,Thompson-Sampling
3,5.256217570771382,Thompson-Sampling
3,5.281033721618223,Thompson-Sampling
3,4.0040748978525595,Thompson-Sampling
3,4.337641877213744,Thompson-Sampling
3,3.6319034543856232,Thompson-Sampling
3,4.914023260375793,Thompson-Sampling
3,4.547293051754594,Thompson-Sampling
3,1.93931471576576,Thompson-Sampling
3,3.846537976256494,Thompson-Sampling
3,5.923783950594575,Thompson-Sampling
3,4.847993847452944,Thompson-Sampling
3,3.4600498037638223,Thompson-Sampling
3,3.569484992088335,Thompson-Sampling
3,4.173891462346311,Thompson-Sampling
3,3.2702838410504467,Thompson-Sampling
3,4.254251951043717,Thompson-Sampling
3,1.7470938427394898,Thompson-Sampling
3,3.847672799313299,Thompson-Sampling
3,4.234408742408507,Thompson-Sampling
3,3.047229538624535,Thompson-Sampling
3,3.144049022016284,Thompson-Sampling
3,4.079729714326089,Thompson-Sampling
3,4.244691487764513,Thompson-Sampling
3,5.4524321197466,Thompson-Sampling
3,5.3122018427979345,Thompson-Sampling
3,4.557380553371651,Thompson-Sampling
3,2.7719462232191785,Thompson-Sampling
3,2.4290983278250264,Thompson-Sampling
3,2.2880627488830436,Thompson-Sampling
3,2.435273857632893,Thompson-Sampling
3,5.527835727075977,Thompson-Sampling
3,1.226493373604082,Thompson-Sampling
3,4.8506566368547395,Thompson-Sampling
3,4.889141807693557,Thompson-Sampling
3,1.509709514487164,Thompson-Sampling
3,3.3156761919525866,Thompson-Sampling
3,4.421365836070223,Thompson-Sampling
3,5.402355662858187,Thompson-Sampling
3,3.8310294349422307,Thompson-Sampling
3,2.9796846756914452,Thompson-Sampling
3,5.039075261117576,Thompson-Sampling
3,3.05148096398482,Thompson-Sampling
3,3.2665381469623793,Thompson-Sampling
3,2.7680141415915545,Thompson-Sampling
3,3.0418833392364455,Thompson-Sampling
3,5.373106049767916,Thompson-Sampling
3,2.893162718717041,Thompson-Sampling
3,3.0429407788300566,Thompson-Sampling
3,4.114382415531888,Thompson-Sampling
3,3.779120991543438,Thompson-Sampling
3,3.9372965459238385,Thompson-Sampling
3,4.515559597461983,Thompson-Sampling
3,3.73802799517361,Thompson-Sampling
3,2.6689447478498542,Thompson-Sampling
3,2.795777975631222,Thompson-Sampling
3,3.436367117221243,Thompson-Sampling
3,3.649905940836805,Thompson-Sampling
3,3.823864102396667,Thompson-Sampling
3,3.021006286620339,Thompson-Sampling
3,2.2701445300916747,Thompson-Sampling
3,5.537120203714943,Thompson-Sampling
3,4.841604349858579,Thompson-Sampling
3,4.147036800179627,Thompson-Sampling
3,4.341063388469335,Thompson-Sampling
3,6.084566621516986,Thompson-Sampling
3,4.284679356405978,Thompson-Sampling
3,2.320965425726555,Thompson-Sampling
3,4.208039121120894,Thompson-Sampling
3,5.228151317635446,Thompson-Sampling
3,4.632406455711639,Thompson-Sampling
3,3.794636739605389,Thompson-Sampling
3,3.2587269932831853,Thompson-Sampling
3,6.481189719959417,Thompson-Sampling
3,3.9502069746014317,Thompson-Sampling
3,3.7134539290067154,Thompson-Sampling
3,2.3206862997084365,Thompson-Sampling
3,4.699454023277262,Thompson-Sampling
3,4.4393188817615075,Thompson-Sampling
3,5.8211025142650445,Thompson-Sampling
3,2.624667877779107,Thompson-Sampling
3,4.70955594472079,Thompson-Sampling
3,2.6749966290399487,Thompson-Sampling
3,2.5700732506482993,Thompson-Sampling
3,3.3591743003137626,Thompson-Sampling
3,2.5947633316273193,Thompson-Sampling
3,3.1615536890399834,Thompson-Sampling
3,3.001204514083192,Thompson-Sampling
3,4.212341728708061,Thompson-Sampling
3,4.464602453375617,Thompson-Sampling
3,1.248892152488894,Thompson-Sampling
3,6.009602694951513,Thompson-Sampling
3,3.246287131027278,Thompson-Sampling
3,3.9645456973514004,Thompson-Sampling
3,3.427728617007379,Thompson-Sampling
3,4.999154753542969,Thompson-Sampling
3,5.262012122921127,Thompson-Sampling
3,6.149358347247741,Thompson-Sampling
3,3.2749994621108005,Thompson-Sampling
3,3.8997536160076356,Thompson-Sampling
3,2.5931744683178115,Thompson-Sampling
3,4.675177302867985,Thompson-Sampling
3,4.596096894421206,Thompson-Sampling
3,4.504933201467162,Thompson-Sampling
3,3.905927987385206,Thompson-Sampling
3,1.8643179208051817,Thompson-Sampling
3,3.3346096367090903,Thompson-Sampling
3,4.2359642812196014,Thompson-Sampling
3,2.802989838562631,Thompson-Sampling
3,4.287483024841034,Thompson-Sampling
3,4.904160565509993,Thompson-Sampling
3,5.165235923119123,Thompson-Sampling
3,4.071958560778158,Thompson-Sampling
3,3.9360850777349303,Thompson-Sampling
3,3.6312637261744065,Thompson-Sampling
3,4.013757912297383,Thompson-Sampling
3,3.5854424307724173,Thompson-Sampling
3,4.312286538420369,Thompson-Sampling
3,4.555534963771885,Thompson-Sampling
3,3.283125932736888,Thompson-Sampling
3,3.9544043778383355,Thompson-Sampling
3,4.627262388192252,Thompson-Sampling
3,4.034453772755761,Thompson-Sampling
3,3.256926440504627,Thompson-Sampling
3,4.076626807243329,Thompson-Sampling
3,4.069174151820611,Thompson-Sampling
3,2.2474757360584467,Thompson-Sampling
3,4.028410268597125,Thompson-Sampling
3,3.423410097089331,Thompson-Sampling
3,4.194399525776642,Thompson-Sampling
3,2.4365273028845547,Thompson-Sampling
3,3.5644086305057203,Thompson-Sampling
3,3.4272709390376317,Thompson-Sampling
3,3.7061890758335543,Thompson-Sampling
3,5.847185872827626,Thompson-Sampling
3,4.168905040978704,Thompson-Sampling
3,3.9408307719992206,Thompson-Sampling
3,4.749728462422114,Thompson-Sampling
3,3.58782224270142,Thompson-Sampling
3,4.323132343557054,Thompson-Sampling
3,5.585686808782768,Thompson-Sampling
3,3.642032272588614,Thompson-Sampling
3,2.90965905515238,Thompson-Sampling
3,3.258415064962896,Thompson-Sampling
3,4.9449669434826315,Thompson-Sampling
3,4.059145148117571,Thompson-Sampling
3,5.957325602324637,Thompson-Sampling
3,3.9417503369061526,Thompson-Sampling
3,5.425389323459952,Thompson-Sampling
3,3.954192795469493,Thompson-Sampling
3,4.2555231818749295,Thompson-Sampling
3,4.3059948206878556,Thompson-Sampling
3,5.034773057463931,Thompson-Sampling
3,5.4187239753554355,Thompson-Sampling
3,2.373444259951966,Thompson-Sampling
3,3.540688925736004,Thompson-Sampling
3,3.3659523410468486,Thompson-Sampling
3,3.72586467734791,Thompson-Sampling
3,3.360158962591793,Thompson-Sampling
3,5.369077582924517,Thompson-Sampling
3,4.306202418990152,Thompson-Sampling
3,3.7157959213872944,Thompson-Sampling
3,4.622999534558958,Thompson-Sampling
3,4.032915484159765,Thompson-Sampling
3,3.282692311911668,Thompson-Sampling
3,4.204855051315131,Thompson-Sampling
3,6.006655802617361,Thompson-Sampling
3,2.4115703125825316,Thompson-Sampling
3,2.458072928245129,Thompson-Sampling
3,4.00219946602164,Thompson-Sampling
3,4.737358722353895,Thompson-Sampling
3,5.352838314992374,Thompson-Sampling
3,3.6564968152280324,Thompson-Sampling
3,5.274145754180494,Thompson-Sampling
3,4.130031996098589,Thompson-Sampling
3,3.70126072813076,Thompson-Sampling
3,2.777036914065217,Thompson-Sampling
3,3.6812600178518933,Thompson-Sampling
3,3.5037283687557688,Thompson-Sampling
3,3.8469895779982934,Thompson-Sampling
3,1.093095319122511,Thompson-Sampling
3,5.642915841666368,Thompson-Sampling
3,3.427662354328141,Thompson-Sampling
3,2.1559957062878343,Thompson-Sampling
3,3.47030349415808,Thompson-Sampling
3,3.6873436007697795,Thompson-Sampling
3,3.7822963416063224,Thompson-Sampling
3,3.226717838361604,Thompson-Sampling
3,4.335416697818854,Thompson-Sampling
3,4.568536173811864,Thompson-Sampling
3,5.42260761358827,Thompson-Sampling
3,5.570786371620635,Thompson-Sampling
3,3.372816712666124,Thompson-Sampling
3,4.004418680637547,Thompson-Sampling
3,2.368296344060209,Thompson-Sampling
3,3.7641599080509756,Thompson-Sampling
3,5.09471363117301,Thompson-Sampling
3,4.885854280502453,Thompson-Sampling
3,4.3888788838586885,Thompson-Sampling
3,4.325821646700176,Thompson-Sampling
3,4.59809118945136,Thompson-Sampling
3,4.282151331519451,Thompson-Sampling
3,2.8277698006712773,Thompson-Sampling
3,4.0563658077598195,Thompson-Sampling
3,3.446337189599408,Thompson-Sampling
3,3.610431565740598,Thompson-Sampling
3,2.259348572308123,Thompson-Sampling
3,3.668054771528954,Thompson-Sampling
3,4.135874538751981,Thompson-Sampling
3,4.752644257441547,Thompson-Sampling
3,4.1185732166562286,Thompson-Sampling
3,5.394429953634315,Thompson-Sampling
3,4.353777510348051,Thompson-Sampling
3,4.038652698274443,Thompson-Sampling
3,5.024743498987082,Thompson-Sampling
3,3.306558583176481,Thompson-Sampling
3,5.139596941524044,Thompson-Sampling
3,3.266472094123459,Thompson-Sampling
3,4.942401699683223,Thompson-Sampling
3,2.855960197763549,Thompson-Sampling
3,2.8884035749909605,Thompson-Sampling
3,5.008839174671276,Thompson-Sampling
3,3.2303779412149356,Thompson-Sampling
3,4.12998446323499,Thompson-Sampling
3,4.116368135541915,Thompson-Sampling
3,3.9369912957471804,Thompson-Sampling
3,2.7753398949827375,Thompson-Sampling
3,5.043913858653679,Thompson-Sampling
3,3.5454885455839897,Thompson-Sampling
3,4.155563715540061,Thompson-Sampling
3,4.744382574490695,Thompson-Sampling
3,3.306056452357642,Thompson-Sampling
3,2.7019859780928153,Thompson-Sampling
3,3.0071406833751495,Thompson-Sampling
3,5.0923257564274,Thompson-Sampling
3,3.4957353046836026,Thompson-Sampling
3,3.732501830823902,Thompson-Sampling
3,2.758344165566964,Thompson-Sampling
3,3.5282413602357945,Thompson-Sampling
3,4.311400411875262,Thompson-Sampling
3,5.9763762366091635,Thompson-Sampling
3,4.63727846755112,Thompson-Sampling
3,2.686296622193614,Thompson-Sampling
3,3.746677495393131,Thompson-Sampling
3,3.4939093139871216,Thompson-Sampling
3,4.769975432777291,Thompson-Sampling
3,2.435268723132843,Thompson-Sampling
3,2.383115924140104,Thompson-Sampling
3,4.096600049290361,Thompson-Sampling
3,3.471466147605782,Thompson-Sampling
3,3.71272045080722,Thompson-Sampling
3,3.014884515630278,Thompson-Sampling
3,4.359245413223512,Thompson-Sampling
3,4.445845620680029,Thompson-Sampling
3,4.302063508255917,Thompson-Sampling
3,4.390454141441811,Thompson-Sampling
3,2.3306152140073033,Thompson-Sampling
3,4.1798264523561945,Thompson-Sampling
3,3.881630523592451,Thompson-Sampling
3,3.7330398698161416,Thompson-Sampling
3,2.834969244042757,Thompson-Sampling
3,3.450559330110709,Thompson-Sampling
3,3.4440290407906913,Thompson-Sampling
3,4.186070078733782,Thompson-Sampling
3,3.5905128441115686,Thompson-Sampling
3,3.6502982534508215,Thompson-Sampling
3,2.6772958153083843,Thompson-Sampling
3,4.510040597784938,Thompson-Sampling
3,4.642294347139673,Thompson-Sampling
3,3.7221084448213855,Thompson-Sampling
3,5.1571462804463515,Thompson-Sampling
3,3.607158353189198,Thompson-Sampling
3,5.575456408535679,Thompson-Sampling
3,6.4116516924343205,Thompson-Sampling
3,2.530642378275419,Thompson-Sampling
3,5.1879265100908345,Thompson-Sampling
3,5.794239347959372,Thompson-Sampling
3,5.7658553474810725,Thompson-Sampling
3,4.030749890679948,Thompson-Sampling
3,4.131031353584078,Thompson-Sampling
3,2.865414072939143,Thompson-Sampling
3,1.9578033647323632,Thompson-Sampling
3,4.230108261934373,Thompson-Sampling
3,3.7683124368743073,Thompson-Sampling
3,1.8607823501754455,Thompson-Sampling
3,5.401177674063221,Thompson-Sampling
3,4.434446162550512,Thompson-Sampling
3,3.3999187036758807,Thompson-Sampling
3,3.155001096175142,Thompson-Sampling
3,4.22861884816244,Thompson-Sampling
3,4.25880523186065,Thompson-Sampling
3,5.393559556497958,Thompson-Sampling
3,6.208382283326083,Thompson-Sampling
3,4.56166398260747,Thompson-Sampling
3,3.9915350999586887,Thompson-Sampling
3,3.8963865375651077,Thompson-Sampling
3,3.4187385276220197,Thompson-Sampling
3,4.441218892324098,Thompson-Sampling
3,1.7175102345696622,Thompson-Sampling
3,3.268407503338548,Thompson-Sampling
3,5.308889963707265,Thompson-Sampling
3,3.484119209479717,Thompson-Sampling
3,5.763015385832064,Thompson-Sampling
3,4.488732916036004,Thompson-Sampling
3,3.3843524206979154,Thompson-Sampling
3,2.7733262449364435,Thompson-Sampling
3,4.592550817700331,Thompson-Sampling
3,5.499465344207869,Thompson-Sampling
3,4.81695151285786,Thompson-Sampling
3,3.7657726497281194,Thompson-Sampling
3,4.254432657582706,Thompson-Sampling
3,3.6886700904770886,Thompson-Sampling
3,4.957321735845308,Thompson-Sampling
3,4.048572551802401,Thompson-Sampling
3,2.916790379622431,Thompson-Sampling
3,4.194291894984134,Thompson-Sampling
3,4.157091749194095,Thompson-Sampling
3,3.8163621743212124,Thompson-Sampling
3,3.719578582176501,Thompson-Sampling
3,4.159388562807605,Thompson-Sampling
3,3.5957185929656172,Thompson-Sampling
3,3.088175218287933,Thompson-Sampling
3,3.5438568601220437,Thompson-Sampling
3,4.9426758246513804,Thompson-Sampling
3,5.376382888575726,Thompson-Sampling
3,4.859083233136924,Thompson-Sampling
3,7.116925481289462,Thompson-Sampling
3,3.7901309968245505,Thompson-Sampling
3,2.461753087978838,Thompson-Sampling
3,2.75379078193841,Thompson-Sampling
3,2.914685999902654,Thompson-Sampling
3,4.4730553658678955,Thompson-Sampling
3,3.803657694376562,Thompson-Sampling
3,5.454635570470402,Thompson-Sampling
3,3.91980175982755,Thompson-Sampling
3,3.659991742781625,Thompson-Sampling
3,4.361192710109674,Thompson-Sampling
3,2.404166075148992,Thompson-Sampling
3,2.9016357723190582,Thompson-Sampling
3,5.181480790941874,Thompson-Sampling
3,5.162259029774141,Thompson-Sampling
3,5.1114473990062805,Thompson-Sampling
3,4.3568138342533835,Thompson-Sampling
3,4.85363489633463,Thompson-Sampling
3,3.158978761931082,Thompson-Sampling
3,3.687981521802757,Thompson-Sampling
3,4.564948742273904,Thompson-Sampling
3,2.9030834407176602,Thompson-Sampling
3,2.4998955951878186,Thompson-Sampling
3,4.486673952639868,Thompson-Sampling
3,5.774661045676737,Thompson-Sampling
3,4.043001168814661,Thompson-Sampling
3,2.9897444832550564,Thompson-Sampling
3,4.309952725103987,Thompson-Sampling
3,3.2420559506333166,Thompson-Sampling
3,4.2357541737742075,Thompson-Sampling
3,3.9446992486738557,Thompson-Sampling
3,3.727692421555945,Thompson-Sampling
3,4.875074750879666,Thompson-Sampling
3,4.124479867815477,Thompson-Sampling
3,4.339918573045421,Thompson-Sampling
3,4.911555009777925,Thompson-Sampling
3,5.227813732216057,Thompson-Sampling
3,4.241835360838674,Thompson-Sampling
3,3.969275524293377,Thompson-Sampling
3,4.867369260525818,Thompson-Sampling
3,5.0549730491743645,Thompson-Sampling
3,3.454794246585506,Thompson-Sampling
3,3.9242206419715617,Thompson-Sampling
3,4.880182879804803,Thompson-Sampling
3,3.77031075662413,Thompson-Sampling
3,5.187148556140093,Thompson-Sampling
3,1.4900594935818714,Thompson-Sampling
3,3.6813778241711215,Thompson-Sampling
3,4.611972805836366,Thompson-Sampling
3,3.7234333809869185,Thompson-Sampling
3,0.0246758558187139,Thompson-Sampling
3,4.488320229326327,Thompson-Sampling
3,3.6913716441945796,Thompson-Sampling
3,3.5622403461807717,Thompson-Sampling
3,4.391911377858597,Thompson-Sampling
3,2.081659681807767,Thompson-Sampling
3,3.7729425830430676,Thompson-Sampling
3,4.750380011283129,Thompson-Sampling
3,2.9440813451540273,Thompson-Sampling
3,4.487745390536828,Thompson-Sampling
3,3.217828154245612,Thompson-Sampling
3,3.2668460384056384,Thompson-Sampling
3,5.096761830271247,Thompson-Sampling
3,3.8237477832680593,Thompson-Sampling
3,3.123267286773311,Thompson-Sampling
3,2.481949121581877,Thompson-Sampling
3,4.620854804481249,Thompson-Sampling
3,4.119768673379111,Thompson-Sampling
3,2.423513808031943,Thompson-Sampling
3,4.499108689643417,Thompson-Sampling
3,2.161637919736176,Thompson-Sampling
3,4.67043889078104,Thompson-Sampling
3,4.196417475585281,Thompson-Sampling
3,2.6860149631861034,Thompson-Sampling
3,3.750512740276839,Thompson-Sampling
3,5.332866297744068,Thompson-Sampling
3,3.5237848479321996,Thompson-Sampling
3,4.572303567027062,Thompson-Sampling
3,5.630178195817389,Thompson-Sampling
3,5.759611766549133,Thompson-Sampling
3,1.5496129059397123,Thompson-Sampling
3,3.497631562742429,Thompson-Sampling
3,4.311833141857666,Thompson-Sampling
3,4.221917562967925,Thompson-Sampling
3,2.7503868832204468,Thompson-Sampling
3,3.859321929378223,Thompson-Sampling
3,3.0098999026237845,Thompson-Sampling
3,3.837462903746485,Thompson-Sampling
3,4.342786427996776,Thompson-Sampling
3,3.2068832239631604,Thompson-Sampling
3,3.174417975415541,Thompson-Sampling
3,4.052016659625076,Thompson-Sampling
3,5.48421235218973,Thompson-Sampling
3,4.465504382294892,Thompson-Sampling
3,5.014288661156454,Thompson-Sampling
3,5.494943173760261,Thompson-Sampling
3,4.317362503720783,Thompson-Sampling
3,2.6353600225551017,Thompson-Sampling
3,3.2091400262089826,Thompson-Sampling
3,4.861174903719384,Thompson-Sampling
3,3.9266644478278883,Thompson-Sampling
3,4.1209702157244585,Thompson-Sampling
3,3.4501461797320565,Thompson-Sampling
3,3.409386190110896,Thompson-Sampling
3,5.055871112666818,Thompson-Sampling
3,3.7013969550422527,Thompson-Sampling
3,3.608847080644938,Thompson-Sampling
3,4.988824406413244,Thompson-Sampling
3,2.6059018236488356,Thompson-Sampling
3,3.3815252319962186,Thompson-Sampling
3,2.946727654491384,Thompson-Sampling
3,5.657687756404533,Thompson-Sampling
3,3.402822579348033,Thompson-Sampling
3,4.581904607406692,Thompson-Sampling
3,3.5512071915676846,Thompson-Sampling
3,3.9199279982671302,Thompson-Sampling
3,5.483366524556288,Thompson-Sampling
3,4.299452373162154,Thompson-Sampling
3,3.2239581257406362,Thompson-Sampling
3,3.7286946045840916,Thompson-Sampling
3,4.099656930164503,Thompson-Sampling
3,1.6683874658776086,Thompson-Sampling
3,2.752577515230147,Thompson-Sampling
3,3.1876554138325983,Thompson-Sampling
3,3.347126392040466,Thompson-Sampling
3,4.472457805557665,Thompson-Sampling
3,3.811625212904412,Thompson-Sampling
3,2.5565599952197644,Thompson-Sampling
3,3.3911626728129547,Thompson-Sampling
3,4.3022314268024,Thompson-Sampling
3,3.229604972159288,Thompson-Sampling
3,3.8370982617402745,Thompson-Sampling
3,1.411474787842931,Thompson-Sampling
3,3.253096016347174,Thompson-Sampling
3,5.820211764889809,Thompson-Sampling
3,2.989994585498514,Thompson-Sampling
3,4.724788368152173,Thompson-Sampling
3,4.848845585647329,Thompson-Sampling
3,4.962932921951656,Thompson-Sampling
3,3.9136528137399997,Thompson-Sampling
3,4.175920533569648,Thompson-Sampling
3,6.260423280233048,Thompson-Sampling
3,3.11017374576757,Thompson-Sampling
3,2.509251690197429,Thompson-Sampling
3,2.9885947419527747,Thompson-Sampling
3,6.422436818929297,Thompson-Sampling
3,2.945811544230997,Thompson-Sampling
3,3.938635969274203,Thompson-Sampling
3,2.715810027774917,Thompson-Sampling
3,3.592389993320909,Thompson-Sampling
3,4.599335172195087,Thompson-Sampling
3,4.5153821232026825,Thompson-Sampling
3,5.193671504720919,Thompson-Sampling
3,2.755938599102191,Thompson-Sampling
3,5.287333499260803,Thompson-Sampling
3,4.668185110668219,Thompson-Sampling
3,4.758998673444361,Thompson-Sampling
3,4.626118746529269,Thompson-Sampling
3,5.088786911197599,Thompson-Sampling
3,4.451193972291167,Thompson-Sampling
3,5.107183204817929,Thompson-Sampling
3,3.9308197725356333,Thompson-Sampling
3,4.529900865097202,Thompson-Sampling
3,6.689462638124233,Thompson-Sampling
3,4.913077472426572,Thompson-Sampling
3,3.95350779376106,Thompson-Sampling
3,4.487933837534655,Thompson-Sampling
3,5.293498199855184,Thompson-Sampling
3,1.1713039976741482,Thompson-Sampling
3,5.221242839530873,Thompson-Sampling
3,4.318599739843115,Thompson-Sampling
3,3.6273071890971367,Thompson-Sampling
3,5.139766870755469,Thompson-Sampling
3,4.718816162125444,Thompson-Sampling
3,4.133947238781312,Thompson-Sampling
3,4.929885485522401,Thompson-Sampling
3,3.643712055606967,Thompson-Sampling
3,4.775582555762156,Thompson-Sampling
3,4.871630793741319,Thompson-Sampling
3,5.415196896156378,Thompson-Sampling
3,3.6480326949556625,Thompson-Sampling
3,4.037795622052078,Thompson-Sampling
3,5.013748902701676,Thompson-Sampling
3,2.989912666806332,Thompson-Sampling
3,4.9510180883734325,Thompson-Sampling
3,4.893226806623243,Thompson-Sampling
3,1.89883608233749,Thompson-Sampling
3,4.362003564835927,Thompson-Sampling
3,3.668558085967298,Thompson-Sampling
3,3.8321567192788653,Thompson-Sampling
3,5.384160048223272,Thompson-Sampling
3,2.4868758724492266,Thompson-Sampling
3,3.8602439293448714,Thompson-Sampling
3,3.350801286649735,Thompson-Sampling
3,3.0755346505003818,Thompson-Sampling
3,3.796179333922032,Thompson-Sampling
3,3.679505270819882,Thompson-Sampling
3,3.945351888972637,Thompson-Sampling
3,4.7161701498697,Thompson-Sampling
3,5.064965613896036,Thompson-Sampling
3,4.2101675908359475,Thompson-Sampling
3,3.9690929959276326,Thompson-Sampling
3,4.530996128967119,Thompson-Sampling
3,5.393254585415148,Thompson-Sampling
3,5.680338374809086,Thompson-Sampling
3,4.228107875441429,Thompson-Sampling
3,4.268712226331829,Thompson-Sampling
3,4.690970272914553,Thompson-Sampling
3,3.0143762466826773,Thompson-Sampling
3,4.300964423382162,Thompson-Sampling
3,3.1865998114560643,Thompson-Sampling
3,4.626814559925409,Thompson-Sampling
3,4.030103682271721,Thompson-Sampling
3,2.6460511149999815,Thompson-Sampling
3,3.5402648757904345,Thompson-Sampling
3,5.406128043116476,Thompson-Sampling
3,4.863734834378293,Thompson-Sampling
3,3.2234045357502232,Thompson-Sampling
3,2.1286116991189115,Thompson-Sampling
3,5.073738721725558,Thompson-Sampling
3,5.520084218367817,Thompson-Sampling
3,4.125365080287653,Thompson-Sampling
3,1.8728952961533376,Thompson-Sampling
3,1.8367163107588147,Thompson-Sampling
3,4.152553959652825,Thompson-Sampling
3,3.8630689176064954,Thompson-Sampling
3,5.82333557776122,Thompson-Sampling
3,4.4389203249099145,Thompson-Sampling
3,4.606503840401652,Thompson-Sampling
3,3.357973114554264,Thompson-Sampling
3,3.1754660181353005,Thompson-Sampling
3,4.094776306775552,Thompson-Sampling
3,5.99567534384603,Thompson-Sampling
3,4.174060361322911,Thompson-Sampling
3,3.578808157062641,Thompson-Sampling
3,4.173264460832325,Thompson-Sampling
3,5.251542217124776,Thompson-Sampling
3,4.527810528488646,Thompson-Sampling
3,5.432531724710094,Thompson-Sampling
3,2.784485257357692,Thompson-Sampling
3,4.542258880333968,Thompson-Sampling
3,2.459859750522682,Thompson-Sampling
3,4.560910230029375,Thompson-Sampling
3,3.892740104716772,Thompson-Sampling
3,3.16368155406131,Thompson-Sampling
3,5.398051282734387,Thompson-Sampling
3,4.940348331843543,Thompson-Sampling
3,4.636858518848433,Thompson-Sampling
3,2.4198383845054914,Thompson-Sampling
3,4.364437351395533,Thompson-Sampling
3,4.862379390403155,Thompson-Sampling
3,2.939610526868081,Thompson-Sampling
3,2.609075960155309,Thompson-Sampling
3,3.710032330084131,Thompson-Sampling
3,3.4475718718277966,Thompson-Sampling
3,2.672625343752968,Thompson-Sampling
3,5.07805158438977,Thompson-Sampling
3,4.590454597068945,Thompson-Sampling
3,3.893130087986741,Thompson-Sampling
3,2.7209395485323498,Thompson-Sampling
3,4.266161705319536,Thompson-Sampling
3,4.59204039423437,Thompson-Sampling
3,2.2812791220978865,Thompson-Sampling
3,3.9568966569431305,Thompson-Sampling
3,4.172219061106181,Thompson-Sampling
3,4.307167852845065,Thompson-Sampling
3,4.1956505158038215,Thompson-Sampling
3,4.252107392934971,Thompson-Sampling
3,5.073860091242713,Thompson-Sampling
3,4.1817733176282434,Thompson-Sampling
3,6.08060666116889,Thompson-Sampling
3,3.536054332880977,Thompson-Sampling
3,3.045169260876945,Thompson-Sampling
3,4.633310028699581,Thompson-Sampling
3,3.342139467975035,Thompson-Sampling
3,3.5129676750205134,Thompson-Sampling
3,2.6679408550238057,Thompson-Sampling
3,6.195110614642257,Thompson-Sampling
3,5.3314610127865665,Thompson-Sampling
3,5.7656351795788,Thompson-Sampling
3,5.9983329534759,Thompson-Sampling
3,4.828369053642343,Thompson-Sampling
3,4.297010999468428,Thompson-Sampling
3,4.89126391548526,Thompson-Sampling
3,3.374004243396543,Thompson-Sampling
3,4.440204860652433,Thompson-Sampling
3,5.107726625286554,Thompson-Sampling
3,3.04260076831072,Thompson-Sampling
3,4.118188009436237,Thompson-Sampling
3,3.5384900151543226,Thompson-Sampling
3,4.4575483132483775,Thompson-Sampling
3,3.764559635523498,Thompson-Sampling
3,3.993199303905605,Thompson-Sampling
3,4.398424059303884,Thompson-Sampling
3,3.555100765493383,Thompson-Sampling
3,4.807080114676001,Thompson-Sampling
3,3.9915484891016324,Thompson-Sampling
3,5.127307855780433,Thompson-Sampling
3,5.197674061329479,Thompson-Sampling
3,2.8046884243742856,Thompson-Sampling
3,2.33880845188354,Thompson-Sampling
3,3.754547560191369,Thompson-Sampling
3,3.5606224061595286,Thompson-Sampling
3,5.093989338529415,Thompson-Sampling
3,4.540865525756582,Thompson-Sampling
3,3.3017916446473023,Thompson-Sampling
3,3.828987134763478,Thompson-Sampling
3,2.3658695027469108,Thompson-Sampling
3,3.3655221145125394,Thompson-Sampling
3,3.5147112027179244,Thompson-Sampling
3,3.109589773398432,Thompson-Sampling
3,5.105635870970415,Thompson-Sampling
3,4.531409241925818,Thompson-Sampling
3,5.420884302129149,Thompson-Sampling
3,4.5125137518628335,Thompson-Sampling
3,3.6608423208156804,Thompson-Sampling
3,5.145072480787969,Thompson-Sampling
3,6.409639508122552,Thompson-Sampling
3,2.6629467001878044,Thompson-Sampling
3,3.5222237782819343,Thompson-Sampling
3,2.973365615438531,Thompson-Sampling
3,4.491904231903438,Thompson-Sampling
3,4.724820708210449,Thompson-Sampling
3,4.2386992755774635,Thompson-Sampling
3,3.7711238312007658,Thompson-Sampling
3,3.9341979258213984,Thompson-Sampling
3,4.358137377949983,Thompson-Sampling
3,4.649912484164246,Thompson-Sampling
3,2.9900643597593515,Thompson-Sampling
3,2.085389177940831,Thompson-Sampling
3,3.077291946391378,Thompson-Sampling
3,3.4984562145912466,Thompson-Sampling
3,4.6310246783628966,Thompson-Sampling
3,3.607110759536494,Thompson-Sampling
3,4.989962206165252,Thompson-Sampling
3,2.9252462381699122,Thompson-Sampling
3,1.87678981370704,Thompson-Sampling
3,2.81505884800978,Thompson-Sampling
3,3.0421820832130013,Thompson-Sampling
3,2.150555839270199,Thompson-Sampling
3,5.290684060032004,Thompson-Sampling
3,3.482839306318775,Thompson-Sampling
3,4.302704351838615,Thompson-Sampling
3,2.9190289396371227,Thompson-Sampling
3,4.126578874725852,Thompson-Sampling
3,4.417185320508589,Thompson-Sampling
3,4.853269989344044,Thompson-Sampling
3,3.174188453048747,Thompson-Sampling
3,4.23242588766568,Thompson-Sampling
3,4.2461546555966505,Thompson-Sampling
3,3.2452900423250775,Thompson-Sampling
3,5.327059475582921,Thompson-Sampling
3,3.895337164609319,Thompson-Sampling
3,5.545930503079271,Thompson-Sampling
3,2.753432482438776,Thompson-Sampling
3,4.260128921675098,Thompson-Sampling
3,5.297157010977802,Thompson-Sampling
3,4.310249915727962,Thompson-Sampling
3,3.958102024637745,Thompson-Sampling
3,3.7201092924395427,Thompson-Sampling
3,3.2711937472216563,Thompson-Sampling
3,4.487061259472561,Thompson-Sampling
3,3.6304457181222443,Thompson-Sampling
3,6.52206077370756,Thompson-Sampling
3,4.294322672592551,Thompson-Sampling
3,2.367023186350128,Thompson-Sampling
3,3.9959980513205604,Thompson-Sampling
3,2.046853135771962,Thompson-Sampling
3,2.747172978824033,Thompson-Sampling
3,4.3407458638890795,Thompson-Sampling
3,4.432645992336712,Thompson-Sampling
3,3.609727077228995,Thompson-Sampling
3,5.853643374464181,Thompson-Sampling
3,2.7021923399920893,Thompson-Sampling
3,2.834978662228707,Thompson-Sampling
3,5.733422544951963,Thompson-Sampling
3,3.2619976143766434,Thompson-Sampling
3,4.470003993845596,Thompson-Sampling
3,1.407365057163572,Thompson-Sampling
3,4.6112005041331185,Thompson-Sampling
3,4.013446604900702,Thompson-Sampling
3,4.95168965855814,Thompson-Sampling
3,3.6927176677564795,Thompson-Sampling
3,3.8368265543448485,Thompson-Sampling
3,5.255289686272646,Thompson-Sampling
3,3.6156618552747863,Thompson-Sampling
3,3.3803972083902787,Thompson-Sampling
3,2.641671198716637,Thompson-Sampling
3,3.1898693852872824,Thompson-Sampling
3,3.7429663357061194,Thompson-Sampling
3,2.835078919170721,Thompson-Sampling
3,3.402894979893888,Thompson-Sampling
3,2.819463043382508,Thompson-Sampling
3,4.386956705593515,Thompson-Sampling
3,3.341955209635837,Thompson-Sampling
3,4.497501980209344,Thompson-Sampling
3,4.765479758925293,Thompson-Sampling
3,4.433887868539112,Thompson-Sampling
3,3.4481614173087705,Thompson-Sampling
3,4.915055666278383,Thompson-Sampling
3,3.0043760613562482,Thompson-Sampling
3,4.727261158749522,Thompson-Sampling
3,4.1935484461860035,Thompson-Sampling
3,3.338463653130864,Thompson-Sampling
3,2.9491555619483476,Thompson-Sampling
3,4.807805095956253,Thompson-Sampling
3,3.5872301744304917,Thompson-Sampling
3,6.750113023182827,Thompson-Sampling
3,5.624656814050921,Thompson-Sampling
3,4.684262188200369,Thompson-Sampling
3,3.5680468385970245,Thompson-Sampling
3,4.36637367744721,Thompson-Sampling
3,2.866474153239169,Thompson-Sampling
3,4.0575725980489965,Thompson-Sampling
3,2.7799797277024965,Thompson-Sampling
3,3.3565637360058522,Thompson-Sampling
3,3.5431386533338154,Thompson-Sampling
3,3.464231351887781,Thompson-Sampling
3,3.511892708664143,Thompson-Sampling
3,3.4925558225783266,Thompson-Sampling
3,3.2765098461315403,Thompson-Sampling
3,4.118533259436087,Thompson-Sampling
3,2.5845301233710236,Thompson-Sampling
3,2.866511309637085,Thompson-Sampling
3,5.316860361497003,Thompson-Sampling
3,4.269979318631439,Thompson-Sampling
3,5.630026492788815,Thompson-Sampling
3,4.84530060873778,Thompson-Sampling
3,4.168843993312523,Thompson-Sampling
3,4.414553710045989,Thompson-Sampling
3,2.410291587147934,Thompson-Sampling
3,4.397944045320163,Thompson-Sampling
3,2.477776935447885,Thompson-Sampling
3,3.9318965281259355,Thompson-Sampling
3,1.7864201016239307,Thompson-Sampling
3,3.9644505074084004,Thompson-Sampling
3,3.689036192033128,Thompson-Sampling
3,4.634858118933292,Thompson-Sampling
3,3.520388199439939,Thompson-Sampling
3,4.264150791406329,Thompson-Sampling
3,4.7123382143909085,Thompson-Sampling
3,2.4598253083627863,Thompson-Sampling
3,5.086947642602755,Thompson-Sampling
3,3.605262306880653,Thompson-Sampling
3,2.1453202934129383,Thompson-Sampling
3,4.121761830425811,Thompson-Sampling
3,4.85813290847358,Thompson-Sampling
3,2.5377303317794473,Thompson-Sampling
3,3.620068120916496,Thompson-Sampling
3,3.2882884574302387,Thompson-Sampling
3,3.8002308280960335,Thompson-Sampling
3,2.2035338592606246,Thompson-Sampling
3,3.6542264547537315,Thompson-Sampling
3,3.4539444032224145,Thompson-Sampling
3,3.5972440769677854,Thompson-Sampling
3,3.610205631967825,Thompson-Sampling
3,4.01382629412839,Thompson-Sampling
3,2.920815802765044,Thompson-Sampling
3,3.7480991356955844,Thompson-Sampling
3,4.886935244777004,Thompson-Sampling
3,3.807494675952751,Thompson-Sampling
3,3.817063999727632,Thompson-Sampling
3,4.841289111874529,Thompson-Sampling
3,2.25642053015292,Thompson-Sampling
3,3.2371541384881666,Thompson-Sampling
3,5.7817702681866745,Thompson-Sampling
3,4.403190036790275,Thompson-Sampling
3,3.2541632556923665,Thompson-Sampling
3,6.4915456781665934,Thompson-Sampling
3,4.794837348937232,Thompson-Sampling
3,3.390005156379024,Thompson-Sampling
3,6.062463990600225,Thompson-Sampling
3,4.430224737317098,Thompson-Sampling
3,3.3587482597467697,Thompson-Sampling
3,5.042777047474432,Thompson-Sampling
3,3.991763240774275,Thompson-Sampling
3,4.6187079268787015,Thompson-Sampling
3,3.364686120560265,Thompson-Sampling
3,2.353694788199637,Thompson-Sampling
3,3.9520947646182423,Thompson-Sampling
3,4.485771744611328,Thompson-Sampling
3,2.7726270119713425,Thompson-Sampling
3,3.6967560016573233,Thompson-Sampling
3,4.263994450664209,Thompson-Sampling
3,4.750389928137765,Thompson-Sampling
3,5.069301867539438,Thompson-Sampling
3,4.023951118204448,Thompson-Sampling
3,4.219383359479338,Thompson-Sampling
3,3.5591890703548317,Thompson-Sampling
3,4.837870643861205,Thompson-Sampling
3,3.1726261555531474,Thompson-Sampling
3,5.224370378302689,Thompson-Sampling
3,2.008806218580995,Thompson-Sampling
3,4.301852438703451,Thompson-Sampling
3,5.1478331017528465,Thompson-Sampling
3,3.4934359401042516,Thompson-Sampling
3,4.91930487527604,Thompson-Sampling
3,4.531555389211124,Thompson-Sampling
3,3.8187038481551197,Thompson-Sampling
3,4.955850164146838,Thompson-Sampling
3,4.971542085471519,Thompson-Sampling
3,4.309387094435629,Thompson-Sampling
3,4.341407683834936,Thompson-Sampling
3,3.847144192185389,Thompson-Sampling
3,5.432005273601377,Thompson-Sampling
3,3.3131236818491883,Thompson-Sampling
3,5.0290358662175905,Thompson-Sampling
3,5.252698899028533,Thompson-Sampling
3,4.286585963828448,Thompson-Sampling
3,3.8608659942816788,Thompson-Sampling
3,3.6050336884004035,Thompson-Sampling
3,3.124713752557484,Thompson-Sampling
3,5.49526025566234,Thompson-Sampling
3,4.099274181328177,Thompson-Sampling
3,4.922728324972706,Thompson-Sampling
3,3.7589202364658587,Thompson-Sampling
3,4.579480806541847,Thompson-Sampling
3,4.771975691267293,Thompson-Sampling
3,4.639880593559154,Thompson-Sampling
3,3.8548317028267816,Thompson-Sampling
3,3.337189167911869,Thompson-Sampling
3,3.715211327136015,Thompson-Sampling
3,5.958941371407763,Thompson-Sampling
3,3.7021782342477754,Thompson-Sampling
3,2.913932083261391,Thompson-Sampling
3,4.552450810514662,Thompson-Sampling
3,2.4363306126350492,Thompson-Sampling
3,5.550616982375278,Thompson-Sampling
3,3.981329344779827,Thompson-Sampling
3,3.6825593471049354,Thompson-Sampling
3,4.885257914938438,Thompson-Sampling
3,5.944822228446868,Thompson-Sampling
3,3.767058557527446,Thompson-Sampling
3,2.3843439660672843,Thompson-Sampling
3,4.468132947349397,Thompson-Sampling
3,3.936746597110373,Thompson-Sampling
3,3.460334274467043,Thompson-Sampling
3,4.78154179150257,Thompson-Sampling
3,4.000202896425358,Thompson-Sampling
3,3.779011892530835,Thompson-Sampling
3,5.074575608776372,Thompson-Sampling
3,4.782420660770964,Thompson-Sampling
3,5.51499467101794,Thompson-Sampling
3,1.6285241977857416,Thompson-Sampling
3,3.723708573842033,Thompson-Sampling
3,5.48793288689189,Thompson-Sampling
3,4.2092590359378,Thompson-Sampling
3,2.7982704047763143,Thompson-Sampling
3,2.806243298169224,Thompson-Sampling
3,4.01413418537654,Thompson-Sampling
3,3.458245747177683,Thompson-Sampling
3,3.7952089018576105,Thompson-Sampling
3,4.961346519452228,Thompson-Sampling
3,5.1436624486719715,Thompson-Sampling
3,3.2250443403011433,Thompson-Sampling
3,4.854914334396905,Thompson-Sampling
3,5.528233900394705,Thompson-Sampling
3,4.396051808057555,Thompson-Sampling
3,4.512631842848831,Thompson-Sampling
3,3.2268133188593358,Thompson-Sampling
3,4.353316157856879,Thompson-Sampling
3,4.029926213873642,Thompson-Sampling
3,4.976036764427578,Thompson-Sampling
3,3.8027397314854023,Thompson-Sampling
3,5.125949132865742,Thompson-Sampling
3,4.191849026929374,Thompson-Sampling
3,4.323885231845948,Thompson-Sampling
3,3.607762348946812,Thompson-Sampling
3,2.122854134697152,Thompson-Sampling
3,4.2287429293152945,Thompson-Sampling
3,1.7675237906176977,Thompson-Sampling
3,5.478084023348519,Thompson-Sampling
3,4.669641907491081,Thompson-Sampling
3,4.337360081139338,Thompson-Sampling
3,3.2742720547644844,Thompson-Sampling
3,1.888439248152912,Thompson-Sampling
3,3.6515525435111416,Thompson-Sampling
3,4.919322939462779,Thompson-Sampling
3,1.4938798867298653,Thompson-Sampling
3,4.733976139982911,Thompson-Sampling
3,2.7402621946155374,Thompson-Sampling
3,3.7900011137853777,Thompson-Sampling
3,5.307772169682439,Thompson-Sampling
3,2.8986963724502592,Thompson-Sampling
3,3.4738044471663434,Thompson-Sampling
3,4.004486440049444,Thompson-Sampling
3,3.581060571648853,Thompson-Sampling
3,3.514287717661183,Thompson-Sampling
3,2.824773598176952,Thompson-Sampling
3,4.2997095646934005,Thompson-Sampling
3,4.07539570475868,Thompson-Sampling
3,5.231359313132922,Thompson-Sampling
3,5.893719796167638,Thompson-Sampling
3,5.43610985686877,Thompson-Sampling
3,4.82907534701883,Thompson-Sampling
3,1.7704575275012044,Thompson-Sampling
3,2.3909384098482356,Thompson-Sampling
3,3.0779797155562165,Thompson-Sampling
3,3.97044336476242,Thompson-Sampling
3,3.3124715630729162,Thompson-Sampling
3,2.4887212184043594,Thompson-Sampling
3,2.758205690914937,Thompson-Sampling
3,3.6109964269648325,Thompson-Sampling
3,3.3771989462411582,Thompson-Sampling
3,4.40536745520612,Thompson-Sampling
3,4.019892429619182,Thompson-Sampling
3,4.708981291928231,Thompson-Sampling
3,3.218052971740142,Thompson-Sampling
3,3.5861855064524457,Thompson-Sampling
3,4.203137839653782,Thompson-Sampling
3,3.6646267248896978,Thompson-Sampling
3,3.0623571772243876,Thompson-Sampling
3,4.375169613435788,Thompson-Sampling
3,4.537935841098291,Thompson-Sampling
3,3.3010674385748824,Thompson-Sampling
3,6.055801807856353,Thompson-Sampling
3,3.448530310083894,Thompson-Sampling
3,5.0833804518067485,Thompson-Sampling
3,3.0463538443583267,Thompson-Sampling
3,4.172656434096939,Thompson-Sampling
3,3.967882232640937,Thompson-Sampling
3,2.9083121729927104,Thompson-Sampling
3,3.4058339460383715,Thompson-Sampling
3,5.439810807413518,Thompson-Sampling
3,5.119908158269049,Thompson-Sampling
3,3.7720613332920503,Thompson-Sampling
3,7.077551319297795,Thompson-Sampling
3,2.4056105899306326,Thompson-Sampling
3,4.798714514794354,Thompson-Sampling
3,4.300208946439838,Thompson-Sampling
3,3.857240569564515,Thompson-Sampling
3,2.20432122241571,Thompson-Sampling
3,4.966479482920873,Thompson-Sampling
3,3.243817774014595,Thompson-Sampling
3,2.828641345964302,Thompson-Sampling
3,5.526742293664463,Thompson-Sampling
3,6.164513818562472,Thompson-Sampling
3,4.123340725685976,Thompson-Sampling
3,2.5077191317891536,Thompson-Sampling
3,3.6578326019202136,Thompson-Sampling
3,3.119084905791385,Thompson-Sampling
3,4.565773167669828,Thompson-Sampling
3,4.527764241120485,Thompson-Sampling
3,4.873126625683737,Thompson-Sampling
3,3.2490291244429654,Thompson-Sampling
3,3.7920174263611925,Thompson-Sampling
3,5.416629344789876,Thompson-Sampling
3,7.303960932406586,Thompson-Sampling
3,4.314418425410346,Thompson-Sampling
3,5.653596433626255,Thompson-Sampling
3,3.6536666848871207,Thompson-Sampling
3,4.272599110300687,Thompson-Sampling
3,2.575592623796785,Thompson-Sampling
3,3.7747015057726703,Thompson-Sampling
3,4.0412417194448444,Thompson-Sampling
3,4.159785956213479,Thompson-Sampling
3,4.740480243738744,Thompson-Sampling
3,3.95194697465008,Thompson-Sampling
3,4.251047791700805,Thompson-Sampling
3,3.77827893818266,Thompson-Sampling
3,3.6552044032983386,Thompson-Sampling
3,5.767150854507003,Thompson-Sampling
3,4.9780784209434366,Thompson-Sampling
3,5.707682762211636,Thompson-Sampling
3,3.8915722853191994,Thompson-Sampling
3,4.028447972372542,Thompson-Sampling
3,3.628864298953663,Thompson-Sampling
3,4.561957191071598,Thompson-Sampling
3,4.256125219281278,Thompson-Sampling
3,3.5440458913799207,Thompson-Sampling
3,3.2950569896444613,Thompson-Sampling
3,3.632930141972259,Thompson-Sampling
3,5.643913491732235,Thompson-Sampling
3,4.044286406515487,Thompson-Sampling
3,5.08656920710445,Thompson-Sampling
3,3.668237675466108,Thompson-Sampling
3,2.788154883957744,Thompson-Sampling
3,5.089109726094857,Thompson-Sampling
3,4.3711065953673485,Thompson-Sampling
3,2.6247778411652902,Thompson-Sampling
3,2.6321505477811025,Thompson-Sampling
3,4.986019961861684,Thompson-Sampling
3,4.134217235557842,Thompson-Sampling
3,6.089783013513715,Thompson-Sampling
3,5.471203600062059,Thompson-Sampling
3,3.5524815933112865,Thompson-Sampling
3,3.5680849919347897,Thompson-Sampling
3,5.982186843044035,Thompson-Sampling
3,3.8343346663581137,Thompson-Sampling
3,4.805888267999422,Thompson-Sampling
3,3.754684038281292,Thompson-Sampling
3,3.441030787161603,Thompson-Sampling
3,3.470355820046575,Thompson-Sampling
3,4.680439066344408,Thompson-Sampling
3,5.276513993275262,Thompson-Sampling
3,3.963702512632857,Thompson-Sampling
3,5.233255852163705,Thompson-Sampling
3,3.528166451106475,Thompson-Sampling
3,3.9385202394128176,Thompson-Sampling
3,2.4846030953763933,Thompson-Sampling
3,4.794355240592467,Thompson-Sampling
3,4.055317316340769,Thompson-Sampling
3,3.0703249626086633,Thompson-Sampling
3,3.188538506896066,Thompson-Sampling
3,4.508259834119818,Thompson-Sampling
3,3.4536075413268263,Thompson-Sampling
3,4.012306218552546,Thompson-Sampling
3,3.7918483775253726,Thompson-Sampling
3,5.220999405510015,Thompson-Sampling
3,4.055680308738149,Thompson-Sampling
3,3.026190906419238,Thompson-Sampling
3,3.669660112496368,Thompson-Sampling
3,3.7417529070952056,Thompson-Sampling
3,3.137931047881577,Thompson-Sampling
3,3.96838362507429,Thompson-Sampling
3,5.096020649614086,Thompson-Sampling
3,4.926353156913139,Thompson-Sampling
3,5.246977120923983,Thompson-Sampling
3,4.505608473630322,Thompson-Sampling
3,5.193415133310051,Thompson-Sampling
3,4.5528204473228175,Thompson-Sampling
3,3.6655844772859205,Thompson-Sampling
3,3.4341388559154775,Thompson-Sampling
3,3.2971664916144245,Thompson-Sampling
3,5.811890981226725,Thompson-Sampling
3,4.613749575953646,Thompson-Sampling
3,4.613776027451526,Thompson-Sampling
3,4.308303409310636,Thompson-Sampling
3,2.9867509245783053,Thompson-Sampling
3,4.37714844735234,Thompson-Sampling
3,5.243972391424064,Thompson-Sampling
3,5.160043616119157,Thompson-Sampling
3,3.6467828199621177,Thompson-Sampling
3,5.09449491019345,Thompson-Sampling
3,4.828064996583594,Thompson-Sampling
3,2.7155128875940733,Thompson-Sampling
3,2.697251218396219,Thompson-Sampling
3,4.154901401636086,Thompson-Sampling
3,4.5819324922456754,Thompson-Sampling
3,2.197854449734219,Thompson-Sampling
3,4.4019196138787215,Thompson-Sampling
3,3.611633404278583,Thompson-Sampling
3,2.888636195796093,Thompson-Sampling
3,4.453288359692976,Thompson-Sampling
3,5.177622884999434,Thompson-Sampling
3,3.448028428423433,Thompson-Sampling
3,3.746805307608403,Thompson-Sampling
3,3.184453686896511,Thompson-Sampling
3,2.393799012104278,Thompson-Sampling
3,3.3212922481560074,Thompson-Sampling
3,3.3139398496986257,Thompson-Sampling
3,4.073642254815526,Thompson-Sampling
3,4.438800896688751,Thompson-Sampling
3,3.256264680950669,Thompson-Sampling
3,3.687507474456804,Thompson-Sampling
3,3.0224605438773695,Thompson-Sampling
3,4.163716310879684,Thompson-Sampling
3,5.037386330655243,Thompson-Sampling
3,3.996887450707193,Thompson-Sampling
3,4.187580950394689,Thompson-Sampling
3,3.0003547120775056,Thompson-Sampling
3,3.4523857789678605,Thompson-Sampling
3,4.668961591403264,Thompson-Sampling
3,4.70922974107081,Thompson-Sampling
3,2.2882533884581147,Thompson-Sampling
3,4.914539173237699,Thompson-Sampling
3,4.5054823898685274,Thompson-Sampling
3,3.0357356627466943,Thompson-Sampling
3,5.221072874553114,Thompson-Sampling
3,3.0368802591669013,Thompson-Sampling
3,3.8748317142157678,Thompson-Sampling
3,3.932973684452617,Thompson-Sampling
3,5.609587968513723,Thompson-Sampling
3,3.2510129550039006,Thompson-Sampling
3,2.301764815511674,Thompson-Sampling
3,4.3656886723009585,Thompson-Sampling
3,5.092644962057253,Thompson-Sampling
3,5.248687808907476,Thompson-Sampling
3,3.30210174074184,Thompson-Sampling
3,4.795332056002977,Thompson-Sampling
3,5.115162987229428,Thompson-Sampling
3,3.80052389268605,Thompson-Sampling
3,5.174930262734507,Thompson-Sampling
3,4.403641115467149,Thompson-Sampling
3,4.7460219035688445,Thompson-Sampling
3,5.2176321017842335,Thompson-Sampling
3,2.6145889567182974,Thompson-Sampling
3,3.577616430540064,Thompson-Sampling
3,4.111111722400912,Thompson-Sampling
3,3.984791911426529,Thompson-Sampling
3,2.658879578188834,Thompson-Sampling
3,4.790078443332412,Thompson-Sampling
3,3.321419897432637,Thompson-Sampling
3,3.0671030658066387,Thompson-Sampling
3,6.3174675473630515,Thompson-Sampling
3,5.7183679557551645,Thompson-Sampling
3,4.618584691293305,Thompson-Sampling
3,3.4953948494451237,Thompson-Sampling
3,5.094336501564192,Thompson-Sampling
3,5.018008583123986,Thompson-Sampling
3,6.360809770508727,Thompson-Sampling
3,4.011597536658945,Thompson-Sampling
3,2.146945059088077,Thompson-Sampling
3,5.112537101563816,Thompson-Sampling
3,3.832095502363534,Thompson-Sampling
3,4.085025135029939,Thompson-Sampling
3,3.5462297456144194,Thompson-Sampling
3,3.217314004569243,Thompson-Sampling
3,3.184588790842229,Thompson-Sampling
3,4.556683297170128,Thompson-Sampling
3,3.6001884238476327,Thompson-Sampling
3,4.815752756036464,Thompson-Sampling
3,3.9314416160271217,Thompson-Sampling
3,1.667030131277131,Thompson-Sampling
3,3.6210255898879247,Thompson-Sampling
3,4.503170531590941,Thompson-Sampling
3,5.035302212353145,Thompson-Sampling
3,4.4943907285283515,Thompson-Sampling
3,5.33007064005191,Thompson-Sampling
3,5.304484828568475,Thompson-Sampling
3,4.3297157916274385,Thompson-Sampling
3,1.878526879811985,Thompson-Sampling
3,4.7246781170394705,Thompson-Sampling
3,4.893025373869649,Thompson-Sampling
3,3.5801509784224668,Thompson-Sampling
3,4.515366812909561,Thompson-Sampling
3,4.545158455782576,Thompson-Sampling
3,3.999214056686115,Thompson-Sampling
3,4.175737159223377,Thompson-Sampling
3,4.216932038248603,Thompson-Sampling
3,3.5803869512173074,Thompson-Sampling
3,4.207690869652762,Thompson-Sampling
3,4.298662450217156,Thompson-Sampling
3,5.620316749511289,Thompson-Sampling
3,3.5538115475780434,Thompson-Sampling
3,5.118207342972404,Thompson-Sampling
3,5.384482669529708,Thompson-Sampling
3,3.4257640950608668,Thompson-Sampling
3,4.342134921029761,Thompson-Sampling
3,3.770629800501395,Thompson-Sampling
3,1.8589663553848608,Thompson-Sampling
3,4.271859541879339,Thompson-Sampling
3,3.5995578277839053,Thompson-Sampling
3,5.559949930493913,Thompson-Sampling
3,4.283695612477937,Thompson-Sampling
3,4.843436977645403,Thompson-Sampling
3,2.743194415395454,Thompson-Sampling
3,3.9161584400983958,Thompson-Sampling
3,4.6117794553470945,Thompson-Sampling
3,4.657166817155082,Thompson-Sampling
3,3.5618108069852457,Thompson-Sampling
3,4.0083780157854525,Thompson-Sampling
3,3.3122744036191776,Thompson-Sampling
3,3.810084197761891,Thompson-Sampling
3,6.499327904971353,Thompson-Sampling
3,2.05482854300044,Thompson-Sampling
3,2.7736583671953907,Thompson-Sampling
3,6.01290291929557,Thompson-Sampling
3,5.379721558105205,Thompson-Sampling
3,4.151854659677432,Thompson-Sampling
3,2.706719034854765,Thompson-Sampling
3,5.615831379254958,Thompson-Sampling
3,2.865614335935613,Thompson-Sampling
3,2.376636182566534,Thompson-Sampling
3,5.950681896339415,Thompson-Sampling
3,3.2569086651574457,Thompson-Sampling
3,3.1638282052375697,Thompson-Sampling
3,5.609169982957008,Thompson-Sampling
3,4.30119039722159,Thompson-Sampling
3,3.2964118861721134,Thompson-Sampling
3,3.111879384359423,Thompson-Sampling
3,5.643807723876547,Thompson-Sampling
3,2.2236393447322653,Thompson-Sampling
3,4.69020466190446,Thompson-Sampling
3,5.139555251946646,Thompson-Sampling
3,4.277765985372152,Thompson-Sampling
3,4.482403084663372,Thompson-Sampling
3,2.7250475596501094,Thompson-Sampling
3,5.395788023775886,Thompson-Sampling
3,3.979331936693162,Thompson-Sampling
3,2.6537515981315876,Thompson-Sampling
3,4.362122463412377,Thompson-Sampling
3,4.624968084994406,Thompson-Sampling
3,2.598224550390714,Thompson-Sampling
3,3.4904005907272913,Thompson-Sampling
3,3.7915073175446365,Thompson-Sampling
3,4.774765706900824,Thompson-Sampling
3,3.612461044146629,Thompson-Sampling
3,3.334538070434811,Thompson-Sampling
3,4.755323984706887,Thompson-Sampling
3,3.2653759603906707,Thompson-Sampling
3,3.9610361612945386,Thompson-Sampling
3,4.982670202552405,Thompson-Sampling
3,2.0611708764268575,Thompson-Sampling
3,3.839382725222672,Thompson-Sampling
3,3.451372989779326,Thompson-Sampling
3,3.296596787167091,Thompson-Sampling
3,6.932841153201771,Thompson-Sampling
3,4.8467511923129845,Thompson-Sampling
3,3.094274085327693,Thompson-Sampling
3,4.590217726520656,Thompson-Sampling
3,3.9705575002466604,Thompson-Sampling
3,3.4761760349292112,Thompson-Sampling
3,4.8382217939865635,Thompson-Sampling
3,4.366132669122506,Thompson-Sampling
3,5.067838317938122,Thompson-Sampling
3,2.890436615916837,Thompson-Sampling
3,5.643340811124975,Thompson-Sampling
3,2.728532081514076,Thompson-Sampling
3,3.9461650907105343,Thompson-Sampling
3,3.1071941182207086,Thompson-Sampling
3,4.725009796775993,Thompson-Sampling
3,4.6033154760734725,Thompson-Sampling
3,5.1804756368962686,Thompson-Sampling
3,2.5689970171865104,Thompson-Sampling
3,5.498568746055158,Thompson-Sampling
3,4.264547685427173,Thompson-Sampling
3,3.035705481217796,Thompson-Sampling
3,3.756073583418556,Thompson-Sampling
3,4.859750765742119,Thompson-Sampling
3,4.346896778366796,Thompson-Sampling
3,3.307750565068294,Thompson-Sampling
3,4.24249363584578,Thompson-Sampling
3,6.149817818928838,Thompson-Sampling
3,5.083199814047944,Thompson-Sampling
3,3.715172376134626,Thompson-Sampling
3,4.360147315980213,Thompson-Sampling
3,2.884275167315311,Thompson-Sampling
3,4.868772725984288,Thompson-Sampling
3,3.3944840477705567,Thompson-Sampling
3,6.054242209973252,Thompson-Sampling
3,3.5832633843777093,Thompson-Sampling
3,3.688339398528535,Thompson-Sampling
3,3.87666129809947,Thompson-Sampling
3,4.3618208998858305,Thompson-Sampling
3,4.492785999008442,Thompson-Sampling
3,5.2388356958917095,Thompson-Sampling
3,4.224834342803775,Thompson-Sampling
3,5.300003985750841,Thompson-Sampling
3,2.488803783867278,Thompson-Sampling
3,4.016668734002134,Thompson-Sampling
3,5.101992001084564,Thompson-Sampling
3,3.3670790647555915,Thompson-Sampling
3,5.34994647080357,Thompson-Sampling
3,3.960676253020016,Thompson-Sampling
3,3.7795865953424452,Thompson-Sampling
3,3.981637544125299,Thompson-Sampling
3,2.119224677785698,Thompson-Sampling
3,4.422517093737978,Thompson-Sampling
3,5.096379618667655,Thompson-Sampling
3,3.478441630283986,Thompson-Sampling
3,2.590477635491532,Thompson-Sampling
3,4.416872683237706,Thompson-Sampling
3,1.1009101047104601,Thompson-Sampling
3,3.583114729638026,Thompson-Sampling
3,5.007998501964692,Thompson-Sampling
3,4.7180645334931555,Thompson-Sampling
3,3.8698930994084506,Thompson-Sampling
3,1.6665793323354072,Thompson-Sampling
3,3.3332809805833006,Thompson-Sampling
3,3.658937226033082,Thompson-Sampling
3,5.379603069065494,Thompson-Sampling
3,5.40608748307487,Thompson-Sampling
3,4.41325341788874,Thompson-Sampling
3,3.469862627987802,Thompson-Sampling
3,5.563247073039108,Thompson-Sampling
3,2.4367119772706136,Thompson-Sampling
3,2.4546973471642275,Thompson-Sampling
3,4.092992683347937,Thompson-Sampling
3,2.5695799860561253,Thompson-Sampling
3,3.9214745272821667,Thompson-Sampling
3,4.6310297404001535,Thompson-Sampling
3,3.9267863800451948,Thompson-Sampling
3,4.743519680515751,Thompson-Sampling
3,3.3195002739064194,Thompson-Sampling
3,4.569151338236961,Thompson-Sampling
3,4.651937365993715,Thompson-Sampling
3,5.608551279058296,Thompson-Sampling
3,2.961087734901537,Thompson-Sampling
3,4.400410155684358,Thompson-Sampling
3,2.987869941715753,Thompson-Sampling
3,5.670796670730221,Thompson-Sampling
3,2.1540615778657015,Thompson-Sampling
3,4.2433892174075245,Thompson-Sampling
3,1.5251664976580264,Thompson-Sampling
3,4.220348501037978,Thompson-Sampling
3,4.692216799029099,Thompson-Sampling
3,4.466895109099498,Thompson-Sampling
3,5.2800187354382135,Thompson-Sampling
3,3.5032618324464546,Thompson-Sampling
3,4.290643208227988,Thompson-Sampling
3,2.162166946912513,Thompson-Sampling
3,3.849999508794848,Thompson-Sampling
3,4.71438693033124,Thompson-Sampling
3,4.2278238632752005,Thompson-Sampling
3,4.389629853270894,Thompson-Sampling
3,3.508954125209999,Thompson-Sampling
3,3.5999371252472905,Thompson-Sampling
3,1.9472211502849008,Thompson-Sampling
3,3.7258133825847617,Thompson-Sampling
3,2.911847183623478,Thompson-Sampling
3,3.8258787890448445,Thompson-Sampling
3,4.2967683798285385,Thompson-Sampling
3,2.8928043886575545,Thompson-Sampling
3,2.759776710795548,Thompson-Sampling
3,4.333046325348381,Thompson-Sampling
3,5.863299053717356,Thompson-Sampling
3,3.927051752540109,Thompson-Sampling
3,3.5812820096977145,Thompson-Sampling
3,4.189900466071533,Thompson-Sampling
3,4.819658674001206,Thompson-Sampling
3,4.079789227078569,Thompson-Sampling
3,3.176002510290837,Thompson-Sampling
3,2.510502180517004,Thompson-Sampling
3,4.416373793791538,Thompson-Sampling
3,3.583788064667467,Thompson-Sampling
3,4.617223499044208,Thompson-Sampling
3,5.086563292540648,Thompson-Sampling
3,4.633063443179568,Thompson-Sampling
3,3.3893033169610622,Thompson-Sampling
3,6.868273549678414,Thompson-Sampling
3,5.325509457961225,Thompson-Sampling
3,3.1914267931683296,Thompson-Sampling
3,3.326525078877567,Thompson-Sampling
3,3.0550332913209335,Thompson-Sampling
3,4.490671997529355,Thompson-Sampling
3,4.103429973449098,Thompson-Sampling
3,4.76993640573941,Thompson-Sampling
3,3.537674110060989,Thompson-Sampling
3,4.098165515295621,Thompson-Sampling
3,4.435715324791174,Thompson-Sampling
3,5.471004477440631,Thompson-Sampling
3,4.115658080744891,Thompson-Sampling
3,4.4606674889455,Thompson-Sampling
3,4.030045657008431,Thompson-Sampling
3,1.1020421994940848,Thompson-Sampling
3,3.0184201689601275,Thompson-Sampling
3,3.5602994219199955,Thompson-Sampling
3,5.061361484900137,Thompson-Sampling
3,4.112650097441735,Thompson-Sampling
3,4.364067686662707,Thompson-Sampling
3,5.247710883254766,Thompson-Sampling
3,3.9134062240507053,Thompson-Sampling
3,3.1538361126080954,Thompson-Sampling
3,4.565921441283672,Thompson-Sampling
3,3.6627424986188513,Thompson-Sampling
3,3.9919075338225323,Thompson-Sampling
3,2.82348405168581,Thompson-Sampling
3,2.786806700456082,Thompson-Sampling
3,3.9600821317402795,Thompson-Sampling
3,4.728800608025408,Thompson-Sampling
3,4.844840128042235,Thompson-Sampling
3,3.976281819138307,Thompson-Sampling
3,3.330524197616162,Thompson-Sampling
3,4.811224964720589,Thompson-Sampling
3,3.534419066179676,Thompson-Sampling
3,4.042962501937095,Thompson-Sampling
3,1.4781207582868228,Thompson-Sampling
3,5.929761728547161,Thompson-Sampling
3,3.5416418464613324,Thompson-Sampling
3,3.7094191713350884,Thompson-Sampling
3,3.7836127156923958,Thompson-Sampling
3,4.314658563808564,Thompson-Sampling
3,2.5300262591538463,Thompson-Sampling
3,3.199091016491158,Thompson-Sampling
3,4.070097122002276,Thompson-Sampling
3,4.827402390368504,Thompson-Sampling
3,3.6934680255673906,Thompson-Sampling
3,3.7273817106859854,Thompson-Sampling
3,3.8325181091885425,Thompson-Sampling
3,2.1722365648485846,Thompson-Sampling
3,4.462517176271337,Thompson-Sampling
3,6.29013028609813,Thompson-Sampling
3,5.614712030052508,Thompson-Sampling
3,4.439089204652509,Thompson-Sampling
3,3.520313007205502,Thompson-Sampling
3,4.945107645089617,Thompson-Sampling
3,3.8622097467211782,Thompson-Sampling
3,3.647889113030464,Thompson-Sampling
3,4.695575629902168,Thompson-Sampling
3,2.4838369586165507,Thompson-Sampling
3,4.118519093316287,Thompson-Sampling
3,4.84121653345454,Thompson-Sampling
3,3.033114920033284,Thompson-Sampling
3,3.899720096730284,Thompson-Sampling
3,3.407943431547478,Thompson-Sampling
3,3.7590087042326488,Thompson-Sampling
3,3.282542592587208,Thompson-Sampling
3,5.28381786495073,Thompson-Sampling
3,1.7642995046638847,Thompson-Sampling
3,3.5606062099569797,Thompson-Sampling
3,4.353662413485275,Thompson-Sampling
3,5.3800954592560775,Thompson-Sampling
3,3.912801174967114,Thompson-Sampling
3,4.094761453767985,Thompson-Sampling
3,4.042747832176024,Thompson-Sampling
3,5.212607627229634,Thompson-Sampling
3,3.4835541743383702,Thompson-Sampling
3,3.8636457503495296,Thompson-Sampling
3,3.1475959306452714,Thompson-Sampling
3,4.865371036175118,Thompson-Sampling
3,3.126826960851044,Thompson-Sampling
3,4.227745801285942,Thompson-Sampling
3,2.4892702450909967,Thompson-Sampling
3,4.284968730451276,Thompson-Sampling
3,1.8325060944983065,Thompson-Sampling
3,2.381263145093568,Thompson-Sampling
3,2.2535564951956744,Thompson-Sampling
3,1.218839720225128,Thompson-Sampling
3,3.7108959453687334,Thompson-Sampling
3,6.199674460014006,Thompson-Sampling
3,3.1340824271781926,Thompson-Sampling
3,1.9594590219380619,Thompson-Sampling
3,2.5819966304357624,Thompson-Sampling
3,4.860404736739361,Thompson-Sampling
3,4.982681012788944,Thompson-Sampling
3,4.027388630090152,Thompson-Sampling
3,3.413547293463047,Thompson-Sampling
3,3.1811013543557998,Thompson-Sampling
3,4.059819987822745,Thompson-Sampling
3,3.759668984633403,Thompson-Sampling
3,4.201289065274809,Thompson-Sampling
3,3.6648314296787166,Thompson-Sampling
3,2.722652794883837,Thompson-Sampling
3,2.91383974259284,Thompson-Sampling
3,5.511532540294715,Thompson-Sampling
3,3.7605694895767687,Thompson-Sampling
3,2.23254105794485,Thompson-Sampling
3,5.637980966058904,Thompson-Sampling
3,3.1471448540592935,Thompson-Sampling
3,3.173837940857701,Thompson-Sampling
3,2.840082665478712,Thompson-Sampling
3,4.032465865353744,Thompson-Sampling
3,4.023799896192513,Thompson-Sampling
3,3.9199161807154748,Thompson-Sampling
3,3.665034357869472,Thompson-Sampling
3,4.353951663027518,Thompson-Sampling
3,4.4787862855452785,Thompson-Sampling
3,3.0243115903557616,Thompson-Sampling
3,4.173004334797746,Thompson-Sampling
3,3.159731384819604,Thompson-Sampling
3,5.215298738606993,Thompson-Sampling
3,3.357521450669041,Thompson-Sampling
3,2.7308112563960343,Thompson-Sampling
3,4.5509335164224725,Thompson-Sampling
3,2.0998826753532445,Thompson-Sampling
3,4.775609292589924,Thompson-Sampling
3,3.6233489143132243,Thompson-Sampling
3,5.340183541821997,Thompson-Sampling
3,5.0995307146298074,Thompson-Sampling
3,5.002570901148392,Thompson-Sampling
3,2.4884316566997633,Thompson-Sampling
3,2.1749495061422,Thompson-Sampling
3,4.003295336325258,Thompson-Sampling
3,3.1092786153519714,Thompson-Sampling
3,3.6912966212708,Thompson-Sampling
3,4.162457965659397,Thompson-Sampling
3,3.4921223502707095,Thompson-Sampling
3,3.1582233060421157,Thompson-Sampling
3,6.082723022198148,Thompson-Sampling
3,3.118451447282667,Thompson-Sampling
3,2.6434511752971925,Thompson-Sampling
3,5.104013611776108,Thompson-Sampling
3,3.4358475748124806,Thompson-Sampling
3,4.234708702354521,Thompson-Sampling
3,3.3235751853097284,Thompson-Sampling
3,3.446757683930757,Thompson-Sampling
3,4.442048945768783,Thompson-Sampling
3,3.7017632205168676,Thompson-Sampling
3,4.36838157970948,Thompson-Sampling
3,3.4515735166748636,Thompson-Sampling
3,1.569521286700469,Thompson-Sampling
3,3.5579254974034655,Thompson-Sampling
3,3.7063234449514533,Thompson-Sampling
3,4.330437396694474,Thompson-Sampling
3,5.11498662276976,Thompson-Sampling
3,3.2308499563900552,Thompson-Sampling
3,0.6153901839872287,Thompson-Sampling
3,3.1178193939552648,Thompson-Sampling
3,4.044094332170248,Thompson-Sampling
3,5.17172259955021,Thompson-Sampling
3,3.6953633508778267,Thompson-Sampling
3,2.115114388263488,Thompson-Sampling
3,2.6497298397015765,Thompson-Sampling
3,3.8944862011797525,Thompson-Sampling
3,4.265302581442328,Thompson-Sampling
3,3.2819825621710055,Thompson-Sampling
3,3.310411782920456,Thompson-Sampling
3,5.989977734533309,Thompson-Sampling
3,2.480177632090033,Thompson-Sampling
3,3.6783576444370594,Thompson-Sampling
3,3.1230035229709063,Thompson-Sampling
3,3.9108281810773478,Thompson-Sampling
3,3.8842657326872247,Thompson-Sampling
3,4.376240818187717,Thompson-Sampling
3,4.77806656667527,Thompson-Sampling
3,3.8588008140452508,Thompson-Sampling
3,3.7631523483261375,Thompson-Sampling
3,1.6636903253296609,Thompson-Sampling
3,4.695711589371619,Thompson-Sampling
3,4.816519003242666,Thompson-Sampling
3,4.393543947155745,Thompson-Sampling
3,2.052143033405303,Thompson-Sampling
3,5.04593036344398,Thompson-Sampling
3,3.819772924943655,Thompson-Sampling
3,3.3054946765108086,Thompson-Sampling
3,4.826886295646455,Thompson-Sampling
3,4.873271317220494,Thompson-Sampling
3,3.211411697307671,Thompson-Sampling
3,3.418656527920677,Thompson-Sampling
3,5.911180559650485,Thompson-Sampling
3,4.41106057275214,Thompson-Sampling
3,4.524545189197703,Thompson-Sampling
3,5.158115062001435,Thompson-Sampling
3,5.037131483531846,Thompson-Sampling
3,4.700391421789716,Thompson-Sampling
3,4.741934769254774,Thompson-Sampling
3,4.621336487056734,Thompson-Sampling
3,3.1774872562921246,Thompson-Sampling
3,4.509817265689317,Thompson-Sampling
3,4.500613291600488,Thompson-Sampling
3,2.8831779009111225,Thompson-Sampling
3,3.77843792253659,Thompson-Sampling
3,4.756890363383538,Thompson-Sampling
3,3.167117048338765,Thompson-Sampling
3,5.525450157966937,Thompson-Sampling
3,3.01063353535268,Thompson-Sampling
3,3.39412383871341,Thompson-Sampling
3,5.706056470140004,Thompson-Sampling
3,2.194702128018969,Thompson-Sampling
3,6.103685276291171,Thompson-Sampling
3,2.4566903046511004,Thompson-Sampling
3,4.100508238755243,Thompson-Sampling
3,2.109629293876795,Thompson-Sampling
3,3.5002034232888426,Thompson-Sampling
3,4.033525764303486,Thompson-Sampling
3,5.24886644800448,Thompson-Sampling
3,4.459359384651252,Thompson-Sampling
3,3.033721930745007,Thompson-Sampling
3,4.4240861933322915,Thompson-Sampling
3,2.801879708173492,Thompson-Sampling
3,4.801806175797556,Thompson-Sampling
3,2.8695516397927046,Thompson-Sampling
3,4.0374274562684835,Thompson-Sampling
3,4.090301426819896,Thompson-Sampling
3,3.3091060982444134,Thompson-Sampling
3,2.646267723781426,Thompson-Sampling
3,3.4040875219262343,Thompson-Sampling
3,3.9681227785979014,Thompson-Sampling
3,5.767505635797189,Thompson-Sampling
3,4.399355554500279,Thompson-Sampling
3,3.0859476209683483,Thompson-Sampling
3,4.048511502063789,Thompson-Sampling
3,4.77718594599691,Thompson-Sampling
3,2.2378879211440834,Thompson-Sampling
3,2.4254468439067383,Thompson-Sampling
3,3.841185256987016,Thompson-Sampling
3,3.8038609344501175,Thompson-Sampling
3,4.914888147742596,Thompson-Sampling
3,4.754227937879987,Thompson-Sampling
3,4.429738273950886,Thompson-Sampling
3,4.189793255746487,Thompson-Sampling
3,3.7368197922518966,Thompson-Sampling
3,4.195859429840417,Thompson-Sampling
3,4.033632605328387,Thompson-Sampling
3,3.274913385381776,Thompson-Sampling
3,6.055310476168383,Thompson-Sampling
3,4.3875161972793615,Thompson-Sampling
3,4.768115807458634,Thompson-Sampling
3,3.003871778299307,Thompson-Sampling
3,3.8024997312037683,Thompson-Sampling
3,3.825141902346538,Thompson-Sampling
3,5.289663101596148,Thompson-Sampling
3,4.300423287307354,Thompson-Sampling
3,3.6490534476439995,Thompson-Sampling
3,3.456816019764478,Thompson-Sampling
3,6.239754498732195,Thompson-Sampling
3,2.878496723693723,Thompson-Sampling
3,2.1367551589975307,Thompson-Sampling
3,2.2975345968023717,Thompson-Sampling
3,4.6348072408538314,Thompson-Sampling
3,5.46302142870471,Thompson-Sampling
3,3.1963973251671014,Thompson-Sampling
3,3.076782578904019,Thompson-Sampling
3,3.0934473157882483,Thompson-Sampling
3,5.278282277605437,Thompson-Sampling
3,3.604593351048215,Thompson-Sampling
3,2.8010446434471477,Thompson-Sampling
3,3.8780282019684273,Thompson-Sampling
3,4.4122942828091585,Thompson-Sampling
3,4.058297137025683,Thompson-Sampling
3,5.426698877730473,Thompson-Sampling
3,4.513210836265137,Thompson-Sampling
3,4.3890089186574315,Thompson-Sampling
3,3.724269525220769,Thompson-Sampling
3,4.27705831729879,Thompson-Sampling
3,6.87079146559611,Thompson-Sampling
3,3.228497430914005,Thompson-Sampling
3,3.643750874516205,Thompson-Sampling
3,5.148731519743272,Thompson-Sampling
3,4.569112488357779,Thompson-Sampling
3,2.8927965754440867,Thompson-Sampling
3,5.2761661861831115,Thompson-Sampling
3,5.734727926373177,Thompson-Sampling
3,4.362888002742039,Thompson-Sampling
3,3.6975732664854175,Thompson-Sampling
3,5.108512813256935,Thompson-Sampling
3,4.47412900215368,Thompson-Sampling
3,5.5457802515268355,Thompson-Sampling
3,3.384091078699109,Thompson-Sampling
3,3.392761834054189,Thompson-Sampling
3,4.897853138107094,Thompson-Sampling
3,4.543813317632444,Thompson-Sampling
3,4.564943127500682,Thompson-Sampling
3,4.25410270102295,Thompson-Sampling
3,1.7858215393360752,Thompson-Sampling
3,5.137748949482104,Thompson-Sampling
3,3.0530975399943134,Thompson-Sampling
3,4.822879502053321,Thompson-Sampling
3,4.333867724257341,Thompson-Sampling
3,3.41914931594308,Thompson-Sampling
3,4.385072121678215,Thompson-Sampling
3,4.303144521640403,Thompson-Sampling
3,4.453127941388088,Thompson-Sampling
3,1.517347025250758,Thompson-Sampling
3,2.9627340670205573,Thompson-Sampling
3,4.283677035448166,Thompson-Sampling
3,4.278554207539683,Thompson-Sampling
3,3.157052898533827,Thompson-Sampling
3,4.6743893187494905,Thompson-Sampling
3,3.778310915683898,Thompson-Sampling
3,6.293703473917273,Thompson-Sampling
3,5.765898725777261,Thompson-Sampling
3,4.0568242176093,Thompson-Sampling
3,6.493005362522048,Thompson-Sampling
3,4.930674906925623,Thompson-Sampling
3,3.4449179082858548,Thompson-Sampling
3,3.7526970720595028,Thompson-Sampling
3,3.2982432737458627,Thompson-Sampling
3,4.484161992154511,Thompson-Sampling
3,3.7638277808736387,Thompson-Sampling
3,4.902741176247538,Thompson-Sampling
3,4.320923691774917,Thompson-Sampling
3,3.8678697991383952,Thompson-Sampling
3,3.5391227903806817,Thompson-Sampling
3,2.952784261135861,Thompson-Sampling
3,3.8142909691349915,Thompson-Sampling
3,5.130778855759285,Thompson-Sampling
3,5.660052495479825,Thompson-Sampling
3,3.7550944540403886,Thompson-Sampling
3,3.5838708254045524,Thompson-Sampling
3,5.132511653442208,Thompson-Sampling
3,4.504717600296875,Thompson-Sampling
3,3.5225177474352023,Thompson-Sampling
3,3.8759757935512207,Thompson-Sampling
3,4.478354506765577,Thompson-Sampling
3,4.550157278691461,Thompson-Sampling
3,3.2911316013890515,Thompson-Sampling
3,4.105976380418048,Thompson-Sampling
3,3.8099466765831274,Thompson-Sampling
3,4.314278237618607,Thompson-Sampling
3,1.5609476344784423,Thompson-Sampling
3,3.940343039861603,Thompson-Sampling
3,2.1218300192563784,Thompson-Sampling
3,3.6578330084104804,Thompson-Sampling
3,4.232847613583105,Thompson-Sampling
3,4.444208213339175,Thompson-Sampling
3,2.955550175464476,Thompson-Sampling
3,4.348672843437115,Thompson-Sampling
3,4.367187228355256,Thompson-Sampling
3,6.5866354257567625,Thompson-Sampling
3,3.9940231404091846,Thompson-Sampling
3,2.5861295530916903,Thompson-Sampling
3,4.29924736312011,Thompson-Sampling
3,4.519509759540957,Thompson-Sampling
3,4.047252267949876,Thompson-Sampling
3,4.782166245787374,Thompson-Sampling
3,4.36582776379208,Thompson-Sampling
3,3.3342307148274486,Thompson-Sampling
3,4.2720300255743435,Thompson-Sampling
3,3.069005241682174,Thompson-Sampling
3,3.0808049803723137,Thompson-Sampling
3,4.952793565775363,Thompson-Sampling
3,1.4408956697822615,Thompson-Sampling
3,4.761673031118227,Thompson-Sampling
3,3.367238431554093,Thompson-Sampling
3,1.7687817117150963,Thompson-Sampling
3,3.644113943838858,Thompson-Sampling
3,3.6556681853678286,Thompson-Sampling
3,4.280386317748398,Thompson-Sampling
3,3.876714443081527,Thompson-Sampling
3,3.56312373074811,Thompson-Sampling
3,3.9901543943409172,Thompson-Sampling
3,3.8423225927329425,Thompson-Sampling
3,4.645254717854108,Thompson-Sampling
3,4.889210909653476,Thompson-Sampling
3,4.966014400380145,Thompson-Sampling
3,5.205004869269012,Thompson-Sampling
3,2.799918656729484,Thompson-Sampling
3,4.62257808285289,Thompson-Sampling
3,3.2614341578181465,Thompson-Sampling
3,4.697183304554143,Thompson-Sampling
3,5.419918143308047,Thompson-Sampling
3,4.189299814681023,Thompson-Sampling
3,2.8863702575340953,Thompson-Sampling
3,3.475993117886045,Thompson-Sampling
3,5.594375478621864,Thompson-Sampling
3,4.518622413405461,Thompson-Sampling
3,4.001700134955915,Thompson-Sampling
3,3.6310063459464903,Thompson-Sampling
3,3.0177908043538606,Thompson-Sampling
3,4.759291422175628,Thompson-Sampling
3,3.145851565866227,Thompson-Sampling
3,4.151779123481558,Thompson-Sampling
3,3.982902255357044,Thompson-Sampling
3,2.5858662237031544,Thompson-Sampling
3,3.6133502609741104,Thompson-Sampling
3,5.083946451666883,Thompson-Sampling
3,4.879532768140761,Thompson-Sampling
3,1.2015095059289984,Thompson-Sampling
3,3.8037476630818405,Thompson-Sampling
3,3.2248625862547393,Thompson-Sampling
3,5.107753089001016,Thompson-Sampling
3,3.7190938204367217,Thompson-Sampling
3,4.2877533667938605,Thompson-Sampling
3,4.553482645448858,Thompson-Sampling
3,5.268847907434354,Thompson-Sampling
3,3.5503824496779464,Thompson-Sampling
3,5.747359065116312,Thompson-Sampling
3,4.537230832227963,Thompson-Sampling
3,4.770024259673338,Thompson-Sampling
3,3.2359369836460607,Thompson-Sampling
3,4.442202870587344,Thompson-Sampling
3,3.4757851559091906,Thompson-Sampling
3,4.577971757527263,Thompson-Sampling
3,4.676468944337732,Thompson-Sampling
3,5.356190049767328,Thompson-Sampling
3,3.429435486473085,Thompson-Sampling
3,4.8059918897882605,Thompson-Sampling
3,2.907359544132908,Thompson-Sampling
3,4.729779747013513,Thompson-Sampling
3,4.12825005868584,Thompson-Sampling
3,4.734117048898359,Thompson-Sampling
3,4.056970789202071,Thompson-Sampling
3,5.042725270035849,Thompson-Sampling
3,4.893078123339902,Thompson-Sampling
3,2.1948044203517725,Thompson-Sampling
3,4.782006338217458,Thompson-Sampling
3,6.200333998811544,Thompson-Sampling
3,5.120197937484074,Thompson-Sampling
3,4.929311122644797,Thompson-Sampling
3,3.9262108103039353,Thompson-Sampling
3,3.225613925693203,Thompson-Sampling
3,3.9687393814772762,Thompson-Sampling
3,4.0131941254003065,Thompson-Sampling
3,3.2548184538975384,Thompson-Sampling
3,3.2347566505385017,Thompson-Sampling
3,4.363378199873871,Thompson-Sampling
3,3.467806211178985,Thompson-Sampling
3,4.174783323163172,Thompson-Sampling
3,5.24555839433834,Thompson-Sampling
3,3.7671910943389166,Thompson-Sampling
3,5.704247111083625,Thompson-Sampling
3,3.7395826432954427,Thompson-Sampling
3,3.8644039443430636,Thompson-Sampling
3,4.0720791192371255,Thompson-Sampling
3,3.877000766075972,Thompson-Sampling
3,3.8340917477482277,Thompson-Sampling
3,4.6414191682326145,Thompson-Sampling
3,3.310079150823116,Thompson-Sampling
3,4.575996162075336,Thompson-Sampling
3,2.140293574330739,Thompson-Sampling
3,4.232832402089269,Thompson-Sampling
3,5.406928594225865,Thompson-Sampling
3,3.744429863436547,Thompson-Sampling
3,4.109731819729125,Thompson-Sampling
3,3.9374724054780126,Thompson-Sampling
3,4.989841617957164,Thompson-Sampling
3,1.231925614737715,Thompson-Sampling
3,4.067465792788464,Thompson-Sampling
3,5.598495298958915,Thompson-Sampling
3,4.182583258255714,Thompson-Sampling
3,4.3069245304615364,Thompson-Sampling
3,5.394808368620674,Thompson-Sampling
3,2.4884883798162516,Thompson-Sampling
3,3.3675712708642713,Thompson-Sampling
3,2.902168613863508,Thompson-Sampling
3,3.001094935813736,Thompson-Sampling
3,4.6533949302990365,Thompson-Sampling
3,4.497388416811021,Thompson-Sampling
3,4.376749663007034,Thompson-Sampling
3,4.113893521463124,Thompson-Sampling
3,5.161692227415536,Thompson-Sampling
3,2.948779806886197,Thompson-Sampling
3,3.12223325963212,Thompson-Sampling
3,3.2929131691215625,Thompson-Sampling
3,5.248758364542182,Thompson-Sampling
3,4.978998039296271,Thompson-Sampling
3,4.546514605357185,Thompson-Sampling
3,5.620440489284219,Thompson-Sampling
3,5.922701538924711,Thompson-Sampling
3,4.551147010239762,Thompson-Sampling
3,4.373869111518173,Thompson-Sampling
3,4.532513880200697,Thompson-Sampling
3,3.0976807637394965,Thompson-Sampling
3,3.3973901866690417,Thompson-Sampling
3,2.600060496833723,Thompson-Sampling
3,3.4137733122487637,Thompson-Sampling
3,3.319303267866788,Thompson-Sampling
3,4.876585464428964,Thompson-Sampling
3,3.8684444075045326,Thompson-Sampling
3,4.815229408289237,Thompson-Sampling
3,4.0300156967764655,Thompson-Sampling
3,4.869558005708505,Thompson-Sampling
3,3.4882427803098013,Thompson-Sampling
3,3.7178143565942303,Thompson-Sampling
3,4.419290554615417,Thompson-Sampling
3,3.472146669246154,Thompson-Sampling
3,5.1801727208144674,Thompson-Sampling
3,3.9977172448341145,Thompson-Sampling
3,3.8786806773605855,Thompson-Sampling
3,3.664247058113623,Thompson-Sampling
3,2.815982609359833,Thompson-Sampling
3,4.648215923047188,Thompson-Sampling
3,5.240360082467065,Thompson-Sampling
3,4.516502233572966,Thompson-Sampling
3,3.217963379411189,Thompson-Sampling
3,4.206939103816104,Thompson-Sampling
3,5.713636090842109,Thompson-Sampling
3,4.539486539656591,Thompson-Sampling
3,4.147685858501885,Thompson-Sampling
3,5.093397107177403,Thompson-Sampling
3,3.6055629795206534,Thompson-Sampling
3,3.8602377760059303,Thompson-Sampling
3,3.766587377009797,Thompson-Sampling
3,3.0193635960456655,Thompson-Sampling
3,5.629148713822838,Thompson-Sampling
3,2.9839940734038652,Thompson-Sampling
3,3.358080658243332,Thompson-Sampling
3,4.454390822010261,Thompson-Sampling
3,5.091938911241313,Thompson-Sampling
3,2.0567742639389155,Thompson-Sampling
3,3.652533141491479,Thompson-Sampling
3,3.9708635178691893,Thompson-Sampling
3,2.1461219409270536,Thompson-Sampling
3,2.774323901717598,Thompson-Sampling
3,2.958331163934514,Thompson-Sampling
3,3.0019349086881517,Thompson-Sampling
3,4.188680909015584,Thompson-Sampling
3,2.6872289264055502,Thompson-Sampling
3,4.3847741751856955,Thompson-Sampling
3,3.3307087082102846,Thompson-Sampling
3,5.194365082207391,Thompson-Sampling
3,4.780636891000549,Thompson-Sampling
3,2.987059755805962,Thompson-Sampling
3,3.665757682912016,Thompson-Sampling
3,4.119949855290067,Thompson-Sampling
3,2.2648395664203846,Thompson-Sampling
3,4.348670657720066,Thompson-Sampling
3,2.7761879333305455,Thompson-Sampling
3,4.410351419433949,Thompson-Sampling
3,3.1580771642204564,Thompson-Sampling
3,4.527301988541694,Thompson-Sampling
3,3.542262502276903,Thompson-Sampling
3,3.84824200567074,Thompson-Sampling
3,4.621821557659276,Thompson-Sampling
3,3.6708669752944014,Thompson-Sampling
3,4.498277211068177,Thompson-Sampling
3,3.396989515576088,Thompson-Sampling
3,3.5405789375899372,Thompson-Sampling
3,2.1853308133046685,Thompson-Sampling
3,3.3499150797936834,Thompson-Sampling
3,3.4550965536217237,Thompson-Sampling
3,5.055378472669739,Thompson-Sampling
3,5.662406374899708,Thompson-Sampling
3,3.3797594155119706,Thompson-Sampling
3,2.6836833233917035,Thompson-Sampling
3,4.731834331677188,Thompson-Sampling
3,5.433717387893808,Thompson-Sampling
3,5.6579302091965715,Thompson-Sampling
3,2.3775773180884157,Thompson-Sampling
3,3.2976997157414534,Thompson-Sampling
3,2.890839670473917,Thompson-Sampling
3,3.235528986567063,Thompson-Sampling
3,2.6820290526069437,Thompson-Sampling
3,4.228155936257341,Thompson-Sampling
3,2.6402460712375917,Thompson-Sampling
3,3.655265323020817,Thompson-Sampling
3,4.943926282534989,Thompson-Sampling
3,3.746666624424112,Thompson-Sampling
3,2.8416624188321107,Thompson-Sampling
3,4.4748175246381745,Thompson-Sampling
3,3.49076525787874,Thompson-Sampling
3,5.449200227173867,Thompson-Sampling
3,4.298725099652839,Thompson-Sampling
3,4.848599032459984,Thompson-Sampling
3,4.0717456151791644,Thompson-Sampling
3,3.7118127005974157,Thompson-Sampling
3,4.809292196294548,Thompson-Sampling
3,3.107056640471688,Thompson-Sampling
3,4.454977053872087,Thompson-Sampling
3,5.30190244429033,Thompson-Sampling
3,5.220677505739856,Thompson-Sampling
3,4.3730595532958745,Thompson-Sampling
3,4.259768276255437,Thompson-Sampling
3,4.11972767451521,Thompson-Sampling
3,3.3732665306408354,Thompson-Sampling
3,6.082123788030422,Thompson-Sampling
3,3.230255878007652,Thompson-Sampling
3,3.021037815502695,Thompson-Sampling
3,4.203911693577236,Thompson-Sampling
3,3.12310545276636,Thompson-Sampling
3,3.6283825136619963,Thompson-Sampling
3,1.3945064694255938,Thompson-Sampling
3,3.2167837845839817,Thompson-Sampling
3,2.9576146675871406,Thompson-Sampling
3,3.758596105019623,Thompson-Sampling
3,4.797836015986866,Thompson-Sampling
3,3.4866101663362796,Thompson-Sampling
3,4.008500780098921,Thompson-Sampling
3,4.9914160518289385,Thompson-Sampling
3,4.462604121756374,Thompson-Sampling
3,2.703379680481122,Thompson-Sampling
3,2.0148636829615922,Thompson-Sampling
3,4.159150665010319,Thompson-Sampling
3,3.9745777651992165,Thompson-Sampling
3,4.416360120361363,Thompson-Sampling
3,3.0898994883491824,Thompson-Sampling
3,3.162512634294682,Thompson-Sampling
3,2.9559214748186804,Thompson-Sampling
3,4.172436309296631,Thompson-Sampling
3,3.8571925288634312,Thompson-Sampling
3,5.951829046236661,Thompson-Sampling
3,3.2066723542515008,Thompson-Sampling
3,5.45022231013132,Thompson-Sampling
3,2.8523316401819674,Thompson-Sampling
3,3.8747069407206522,Thompson-Sampling
3,5.694013324232159,Thompson-Sampling
3,2.6176364914055705,Thompson-Sampling
3,5.209433788045727,Thompson-Sampling
3,3.856669711484561,Thompson-Sampling
3,1.996149509044256,Thompson-Sampling
3,3.8428096068118185,Thompson-Sampling
3,5.00300042756301,Thompson-Sampling
3,6.201755527792773,Thompson-Sampling
3,3.9609406133362475,Thompson-Sampling
3,3.805298124717613,Thompson-Sampling
3,2.5112522932692674,Thompson-Sampling
3,4.022450663761721,Thompson-Sampling
3,4.119633069675306,Thompson-Sampling
3,5.507059170598575,Thompson-Sampling
3,4.1307725479747965,Thompson-Sampling
3,3.702516588707372,Thompson-Sampling
3,5.658714484390267,Thompson-Sampling
3,4.029777434602608,Thompson-Sampling
3,5.656307016138893,Thompson-Sampling
3,5.566323505411986,Thompson-Sampling
3,4.995365192963292,Thompson-Sampling
3,3.7945151596134465,Thompson-Sampling
3,2.0591976062340374,Thompson-Sampling
3,2.7511734458743504,Thompson-Sampling
3,4.7424798224947535,Thompson-Sampling
3,3.090581714205471,Thompson-Sampling
3,4.503127449474541,Thompson-Sampling
3,3.382091727669792,Thompson-Sampling
3,4.72063053054778,Thompson-Sampling
3,3.8706039576149305,Thompson-Sampling
3,1.3735456845896787,Thompson-Sampling
3,3.0921022769058686,Thompson-Sampling
3,2.149670819189569,Thompson-Sampling
3,4.182310792937521,Thompson-Sampling
3,4.224047325687524,Thompson-Sampling
3,2.78917489843369,Thompson-Sampling
3,4.247747241506718,Thompson-Sampling
3,4.856299875543223,Thompson-Sampling
3,4.361939222971397,Thompson-Sampling
3,2.9723013913756624,Thompson-Sampling
3,3.7936706181606668,Thompson-Sampling
3,5.1867880108776285,Thompson-Sampling
3,3.7852259741512535,Thompson-Sampling
3,2.9657769854840605,Thompson-Sampling
3,3.3154929199643295,Thompson-Sampling
3,3.0036435856310852,Thompson-Sampling
3,3.064233802162468,Thompson-Sampling
3,4.69008438022625,Thompson-Sampling
3,4.204434344063074,Thompson-Sampling
3,1.6150039850122018,Thompson-Sampling
3,3.6752825292982285,Thompson-Sampling
3,5.381942599045614,Thompson-Sampling
3,6.12809383046835,Thompson-Sampling
3,4.456374249299527,Thompson-Sampling
3,3.126117796325257,Thompson-Sampling
3,4.418152311253036,Thompson-Sampling
3,3.741269542665913,Thompson-Sampling
3,3.6802642068196953,Thompson-Sampling
3,4.0489081135074345,Thompson-Sampling
3,2.4199757353537263,Thompson-Sampling
3,4.268121214416908,Thompson-Sampling
3,3.4581304153584624,Thompson-Sampling
3,3.6917634943188515,Thompson-Sampling
3,4.680483376555159,Thompson-Sampling
3,5.6815917614808615,Thompson-Sampling
3,4.819712404881104,Thompson-Sampling
3,2.4324573092191413,Thompson-Sampling
3,4.015519635183586,Thompson-Sampling
3,4.528500955645638,Thompson-Sampling
3,3.8880881000486838,Thompson-Sampling
3,4.180054077721194,Thompson-Sampling
3,5.047523131831251,Thompson-Sampling
3,3.940521835852935,Thompson-Sampling
3,4.564692356121623,Thompson-Sampling
3,3.9776443440736493,Thompson-Sampling
3,2.910246208192322,Thompson-Sampling
3,3.2230558871149095,Thompson-Sampling
3,4.38775543713631,Thompson-Sampling
3,4.731717828548009,Thompson-Sampling
3,4.882914103592829,Thompson-Sampling
3,4.2951118424640775,Thompson-Sampling
3,4.005014402225564,Thompson-Sampling
3,5.6170954204190835,Thompson-Sampling
3,5.977858855441147,Thompson-Sampling
3,3.983755189179226,Thompson-Sampling
3,3.7441203130198972,Thompson-Sampling
3,3.0682322140894875,Thompson-Sampling
3,2.7425589714683403,Thompson-Sampling
3,5.0094795005437405,Thompson-Sampling
3,2.8309137948902094,Thompson-Sampling
3,3.7282547895568,Thompson-Sampling
3,4.17780306086363,Thompson-Sampling
3,3.99292628246117,Thompson-Sampling
3,2.2778986301893838,Thompson-Sampling
3,3.5115830947301854,Thompson-Sampling
3,3.635659856440043,Thompson-Sampling
3,3.8308064541189877,Thompson-Sampling
3,3.6013120495683855,Thompson-Sampling
3,3.7031203346160564,Thompson-Sampling
3,4.413418539181222,Thompson-Sampling
3,4.784766087993676,Thompson-Sampling
3,3.51960302505158,Thompson-Sampling
3,3.138463175676704,Thompson-Sampling
3,3.480235768081384,Thompson-Sampling
3,4.298298725619995,Thompson-Sampling
3,5.777400781136348,Thompson-Sampling
3,5.587714324423174,Thompson-Sampling
3,4.288724893060904,Thompson-Sampling
3,5.775062666723199,Thompson-Sampling
3,3.2476007561046774,Thompson-Sampling
3,6.122749867071235,Thompson-Sampling
3,5.5404302972111985,Thompson-Sampling
3,2.8499446143149387,Thompson-Sampling
3,3.4628051009282315,Thompson-Sampling
3,5.047272124065219,Thompson-Sampling
3,4.154239340844577,Thompson-Sampling
3,4.539522868933177,Thompson-Sampling
3,4.926780929938924,Thompson-Sampling
3,4.132295095582481,Thompson-Sampling
3,3.69986752970566,Thompson-Sampling
3,4.21219138906105,Thompson-Sampling
3,4.296584818773409,Thompson-Sampling
3,4.562192449085317,Thompson-Sampling
3,4.0442404844344955,Thompson-Sampling
3,3.585996823631422,Thompson-Sampling
3,4.7258455771696495,Thompson-Sampling
3,2.5808409238240166,Thompson-Sampling
3,6.076914211615183,Thompson-Sampling
3,5.8957820864966894,Thompson-Sampling
3,4.210083651309926,Thompson-Sampling
3,3.2670624395975096,Thompson-Sampling
3,3.7942249729885953,Thompson-Sampling
3,4.972636725625832,Thompson-Sampling
3,2.3413008675601024,Thompson-Sampling
3,4.600769619155698,Thompson-Sampling
3,3.458395870239177,Thompson-Sampling
3,5.09459391288364,Thompson-Sampling
3,3.6504470617846083,Thompson-Sampling
3,2.78328575710351,Thompson-Sampling
3,3.7730986085393616,Thompson-Sampling
3,3.8911302035338218,Thompson-Sampling
3,4.4215163809238325,Thompson-Sampling
3,3.5441281698073586,Thompson-Sampling
3,4.759895579946246,Thompson-Sampling
3,4.165636041099636,Thompson-Sampling
3,6.337739429589588,Thompson-Sampling
3,4.651217065087423,Thompson-Sampling
3,3.7686364470551124,Thompson-Sampling
3,2.8880372028417574,Thompson-Sampling
3,3.735004466138513,Thompson-Sampling
3,2.0077375641683823,Thompson-Sampling
3,4.359730378440812,Thompson-Sampling
3,3.6940341745871046,Thompson-Sampling
3,5.868437127779158,Thompson-Sampling
3,3.771133430729441,Thompson-Sampling
3,2.6520824500734497,Thompson-Sampling
3,4.095460793792181,Thompson-Sampling
3,2.9557875737569077,Thompson-Sampling
3,2.887352516318712,Thompson-Sampling
3,4.3185695982462375,Thompson-Sampling
3,3.40870915501996,Thompson-Sampling
3,3.866093027030657,Thompson-Sampling
3,4.427949214258393,Thompson-Sampling
3,4.9701490667407136,Thompson-Sampling
3,3.581319648948785,Thompson-Sampling
3,3.5001597431290894,Thompson-Sampling
3,3.864166682662083,Thompson-Sampling
3,4.823273721925782,Thompson-Sampling
3,3.605593659322843,Thompson-Sampling
3,3.859196623796702,Thompson-Sampling
3,5.641627298178967,Thompson-Sampling
3,4.3254970691296375,Thompson-Sampling
3,1.339687516454748,Thompson-Sampling
3,3.9738053856448663,Thompson-Sampling
3,3.9631340439379605,Thompson-Sampling
3,1.2474405507539132,Thompson-Sampling
3,3.366134868672344,Thompson-Sampling
3,4.043226557995033,Thompson-Sampling
3,4.612722959074668,Thompson-Sampling
3,2.7900002582289885,Thompson-Sampling
3,2.6909369399418632,Thompson-Sampling
3,3.446410986615122,Thompson-Sampling
3,4.66325429816549,Thompson-Sampling
3,6.5090513104852175,Thompson-Sampling
3,2.387800073680171,Thompson-Sampling
3,3.178285652098266,Thompson-Sampling
3,2.485615683176372,Thompson-Sampling
3,4.5099447895989355,Thompson-Sampling
3,3.273326672049274,Thompson-Sampling
3,4.338462613694251,Thompson-Sampling
3,4.988127313361441,Thompson-Sampling
3,4.62672592936502,Thompson-Sampling
3,4.5888745509768265,Thompson-Sampling
3,2.982143603969279,Thompson-Sampling
3,3.928282050977408,Thompson-Sampling
3,3.7740240268757805,Thompson-Sampling
3,2.930054199705757,Thompson-Sampling
3,5.181609754219783,Thompson-Sampling
3,3.764144249586777,Thompson-Sampling
3,5.244576916449135,Thompson-Sampling
3,3.5336899363296235,Thompson-Sampling
3,3.257187837838731,Thompson-Sampling
3,4.369604846254465,Thompson-Sampling
3,2.448450815888523,Thompson-Sampling
3,5.00642482194507,Thompson-Sampling
3,3.378155719481225,Thompson-Sampling
3,5.529056325134205,Thompson-Sampling
3,4.970532120501321,Thompson-Sampling
3,4.450061578883603,Thompson-Sampling
3,5.141012303704754,Thompson-Sampling
3,3.772684996098447,Thompson-Sampling
3,4.608759030269286,Thompson-Sampling
3,4.02949551975083,Thompson-Sampling
3,5.378048501974332,Thompson-Sampling
3,4.033513316219272,Thompson-Sampling
3,5.041469355678551,Thompson-Sampling
3,2.733724852887432,Thompson-Sampling
3,5.088899409400737,Thompson-Sampling
3,4.197243005701615,Thompson-Sampling
3,3.8240180655627785,Thompson-Sampling
3,3.1099159135596066,Thompson-Sampling
3,6.156724039785271,Thompson-Sampling
3,4.551817069518065,Thompson-Sampling
3,6.096421016530657,Thompson-Sampling
3,4.18711158534018,Thompson-Sampling
3,6.44437869580808,Thompson-Sampling
3,2.631997954281048,Thompson-Sampling
3,2.8848713693566896,Thompson-Sampling
3,3.6487697870913602,Thompson-Sampling
3,4.473053891213845,Thompson-Sampling
3,4.326482857671668,Thompson-Sampling
3,4.529427826640851,Thompson-Sampling
3,3.5894188482605363,Thompson-Sampling
3,4.511599399220393,Thompson-Sampling
3,3.8772667251186568,Thompson-Sampling
3,2.531903787332265,Thompson-Sampling
3,3.241617755598024,Thompson-Sampling
3,1.2569371101839262,Thompson-Sampling
3,4.613811714352794,Thompson-Sampling
3,3.41983426539257,Thompson-Sampling
3,4.797684312444256,Thompson-Sampling
3,3.8554242741945166,Thompson-Sampling
3,3.026821978535882,Thompson-Sampling
3,4.146085225910958,Thompson-Sampling
3,2.8735757377525815,Thompson-Sampling
3,4.71421742199262,Thompson-Sampling
3,3.6441730199737203,Thompson-Sampling
3,4.102288447603928,Thompson-Sampling
3,3.7974304562417185,Thompson-Sampling
3,3.011990227294326,Thompson-Sampling
3,3.9019794092532587,Thompson-Sampling
3,4.952285873707188,Thompson-Sampling
3,4.409020777738835,Thompson-Sampling
3,4.127109194909314,Thompson-Sampling
3,3.4546382589999434,Thompson-Sampling
3,3.5334070459674773,Thompson-Sampling
3,4.309909835011302,Thompson-Sampling
3,2.5755185232226374,Thompson-Sampling
3,6.410705662011784,Thompson-Sampling
3,4.43964661858419,Thompson-Sampling
3,3.7588188856383593,Thompson-Sampling
3,4.602953985197248,Thompson-Sampling
3,2.7916585321113976,Thompson-Sampling
3,4.251585712240491,Thompson-Sampling
3,2.252966452910031,Thompson-Sampling
3,4.388377143606494,Thompson-Sampling
3,4.266639273773282,Thompson-Sampling
3,4.133796896622752,Thompson-Sampling
3,2.403468902928965,Thompson-Sampling
3,5.127026116138246,Thompson-Sampling
3,4.972614499219189,Thompson-Sampling
3,3.6234101354847255,Thompson-Sampling
3,4.971964536792309,Thompson-Sampling
3,3.1829434676321537,Thompson-Sampling
3,3.4812099852143037,Thompson-Sampling
3,3.4884906083591067,Thompson-Sampling
3,3.4133418325031144,Thompson-Sampling
3,4.309999635813343,Thompson-Sampling
3,2.545779226966557,Thompson-Sampling
3,4.3793911872852,Thompson-Sampling
3,2.635264549436233,Thompson-Sampling
3,5.853428342176922,Thompson-Sampling
3,2.7127854841085988,Thompson-Sampling
3,3.372046288415633,Thompson-Sampling
3,3.7356506830159235,Thompson-Sampling
3,5.390440841174311,Thompson-Sampling
3,4.058659256768186,Thompson-Sampling
3,4.3525404604895295,Thompson-Sampling
3,4.844633714808287,Thompson-Sampling
3,3.199477446771065,Thompson-Sampling
3,5.469822729119697,Thompson-Sampling
3,4.758477759684476,Thompson-Sampling
3,3.4511849325822777,Thompson-Sampling
3,2.705766850208258,Thompson-Sampling
3,3.079025848466074,Thompson-Sampling
3,4.823923326250837,Thompson-Sampling
3,6.116162964022214,Thompson-Sampling
3,2.4923103114643173,Thompson-Sampling
3,3.9921275884475613,Thompson-Sampling
3,3.453814127282328,Thompson-Sampling
3,4.232181313088081,Thompson-Sampling
3,2.942656755502914,Thompson-Sampling
3,2.676028794392514,Thompson-Sampling
3,3.009142738511328,Thompson-Sampling
3,3.9970803726185182,Thompson-Sampling
3,3.612849191237898,Thompson-Sampling
3,3.75677396630606,Thompson-Sampling
3,4.0679666571773705,Thompson-Sampling
3,4.555594791226952,Thompson-Sampling
3,5.318267839671587,Thompson-Sampling
3,4.2397715811583,Thompson-Sampling
3,5.124137961450014,Thompson-Sampling
3,3.564872665377074,Thompson-Sampling
3,3.166881800025835,Thompson-Sampling
3,3.6244796750746557,Thompson-Sampling
3,2.255088720952822,Thompson-Sampling
3,4.826514442160976,Thompson-Sampling
3,2.401552952605543,Thompson-Sampling
3,5.945233008023882,Thompson-Sampling
3,4.447744330434398,Thompson-Sampling
3,2.9158062537403437,Thompson-Sampling
3,2.3247271650580217,Thompson-Sampling
3,4.93782746584589,Thompson-Sampling
3,5.87419489047642,Thompson-Sampling
3,2.7006296232276608,Thompson-Sampling
3,4.525109980971409,Thompson-Sampling
3,4.189080831049498,Thompson-Sampling
3,4.849098214379578,Thompson-Sampling
3,5.9558901152237445,Thompson-Sampling
3,2.7306041084104207,Thompson-Sampling
3,4.5316591998911,Thompson-Sampling
3,5.392465616422892,Thompson-Sampling
3,5.404279392333824,Thompson-Sampling
3,5.005474143662499,Thompson-Sampling
3,4.13750921907419,Thompson-Sampling
3,3.8606277534746396,Thompson-Sampling
3,3.49401383672408,Thompson-Sampling
3,5.2933321772229815,Thompson-Sampling
3,3.57280469947093,Thompson-Sampling
3,4.149277049072447,Thompson-Sampling
3,3.2782353530453126,Thompson-Sampling
3,3.697686125802927,Thompson-Sampling
3,5.312872941229925,Thompson-Sampling
3,2.66778710463287,Thompson-Sampling
3,2.3912413210445287,Thompson-Sampling
3,3.20218099845304,Thompson-Sampling
3,4.385269546448218,Thompson-Sampling
3,5.837037975855029,Thompson-Sampling
3,2.251956883611822,Thompson-Sampling
3,4.55695648423872,Thompson-Sampling
3,3.9908579346881887,Thompson-Sampling
3,2.8540540864131363,Thompson-Sampling
3,2.8658373201231493,Thompson-Sampling
3,5.000747597637021,Thompson-Sampling
3,4.187267075268716,Thompson-Sampling
3,3.948239070894793,Thompson-Sampling
3,3.235916021728292,Thompson-Sampling
3,2.284968402388058,Thompson-Sampling
3,3.6741669300830715,Thompson-Sampling
3,2.9383706200509745,Thompson-Sampling
3,3.67124683950027,Thompson-Sampling
3,3.179146373051989,Thompson-Sampling
3,4.009676273285272,Thompson-Sampling
3,3.215260615820399,Thompson-Sampling
3,3.2118866690622574,Thompson-Sampling
3,3.8706480200224718,Thompson-Sampling
3,3.366794215630456,Thompson-Sampling
3,4.35751783851063,Thompson-Sampling
3,4.37483491502569,Thompson-Sampling
3,5.363049346707322,Thompson-Sampling
3,5.203899664754959,Thompson-Sampling
3,2.216884229214239,Thompson-Sampling
3,3.405078985728599,Thompson-Sampling
3,3.022457831020411,Thompson-Sampling
3,5.051147764224201,Thompson-Sampling
3,3.6897026836971407,Thompson-Sampling
3,3.065554874884722,Thompson-Sampling
3,4.39608056255952,Thompson-Sampling
3,3.665698099780906,Thompson-Sampling
3,4.823602433651334,Thompson-Sampling
3,3.5810555668354063,Thompson-Sampling
3,5.146130094032608,Thompson-Sampling
3,3.2532954984503872,Thompson-Sampling
3,4.4992078858937035,Thompson-Sampling
3,5.520838881117436,Thompson-Sampling
3,2.6470423662526357,Thompson-Sampling
3,4.126585420581159,Thompson-Sampling
3,4.212908799045089,Thompson-Sampling
3,4.170112068574615,Thompson-Sampling
3,5.0972051978501725,Thompson-Sampling
3,5.6409762862307335,Thompson-Sampling
3,3.3941545931752097,Thompson-Sampling
3,3.81087054920733,Thompson-Sampling
3,5.00312976277506,Thompson-Sampling
3,4.0732325423431766,Thompson-Sampling
3,3.8092489746816818,Thompson-Sampling
3,3.8597135158638207,Thompson-Sampling
3,3.106017508577691,Thompson-Sampling
3,2.995372370603673,Thompson-Sampling
3,2.2542725480292924,Thompson-Sampling
3,3.520177659540115,Thompson-Sampling
3,4.311964541341087,Thompson-Sampling
3,4.416647463648087,Thompson-Sampling
3,3.9896680343503514,Thompson-Sampling
3,4.559532530853551,Thompson-Sampling
3,2.593274937196642,Thompson-Sampling
3,3.2413938687924597,Thompson-Sampling
3,4.995276170598816,Thompson-Sampling
3,4.051028153866027,Thompson-Sampling
3,2.987738816297687,Thompson-Sampling
3,3.5314727284596423,Thompson-Sampling
3,4.616451470196802,Thompson-Sampling
3,3.3936061266349746,Thompson-Sampling
3,4.983099176879967,Thompson-Sampling
3,3.7703819825058003,Thompson-Sampling
3,5.899844462668824,Thompson-Sampling
3,4.281362378619745,Thompson-Sampling
3,4.00595352793847,Thompson-Sampling
3,3.158576214591115,Thompson-Sampling
3,4.136111111781161,Thompson-Sampling
3,5.917355056600113,Thompson-Sampling
3,3.9729138930993755,Thompson-Sampling
3,3.0907561485380697,Thompson-Sampling
3,3.222589352272474,Thompson-Sampling
3,4.35768707016058,Thompson-Sampling
3,4.563573570756221,Thompson-Sampling
3,5.863135990796415,Thompson-Sampling
3,5.314929574865111,Thompson-Sampling
3,2.5829116758760065,Thompson-Sampling
3,4.628222063523266,Thompson-Sampling
3,3.2530798680787285,Thompson-Sampling
3,3.7529660917809786,Thompson-Sampling
3,5.06713918603722,Thompson-Sampling
3,4.562652406303315,Thompson-Sampling
3,4.666605652612335,Thompson-Sampling
3,3.1615930768077227,Thompson-Sampling
3,2.1281100526086543,Thompson-Sampling
3,2.251309295843862,Thompson-Sampling
3,3.054798145589033,Thompson-Sampling
3,2.5195688029295056,Thompson-Sampling
3,4.128384630789806,Thompson-Sampling
3,4.788984413530039,Thompson-Sampling
3,4.835553758627017,Thompson-Sampling
3,5.072489442548418,Thompson-Sampling
3,4.810712087252757,Thompson-Sampling
3,4.565492081133793,Thompson-Sampling
3,4.410201065577265,Thompson-Sampling
3,5.921034842628062,Thompson-Sampling
3,4.774103744637484,Thompson-Sampling
3,3.694425250762005,Thompson-Sampling
3,2.775633934567738,Thompson-Sampling
3,4.60619709877869,Thompson-Sampling
3,4.3188676863844835,Thompson-Sampling
3,3.4954081007127074,Thompson-Sampling
3,4.488754483269869,Thompson-Sampling
3,3.777169246109664,Thompson-Sampling
3,4.5699815317229,Thompson-Sampling
3,4.0920127876672625,Thompson-Sampling
3,4.618125092069947,Thompson-Sampling
3,4.90859492324181,Thompson-Sampling
3,4.415837303508019,Thompson-Sampling
3,4.305816435226798,Thompson-Sampling
3,4.157472289187485,Thompson-Sampling
3,5.381191475250016,Thompson-Sampling
3,3.772050082172286,Thompson-Sampling
3,4.391577064988237,Thompson-Sampling
3,3.618486555904061,Thompson-Sampling
3,5.285369519952232,Thompson-Sampling
3,4.293473354630497,Thompson-Sampling
3,3.5948123799817586,Thompson-Sampling
3,4.49229898068845,Thompson-Sampling
3,5.604810847196484,Thompson-Sampling
3,3.17414908389828,Thompson-Sampling
3,5.0728948779686815,Thompson-Sampling
3,3.7954855734291786,Thompson-Sampling
3,4.399640016246395,Thompson-Sampling
3,3.555550589171902,Thompson-Sampling
3,3.6135683508303575,Thompson-Sampling
3,2.4730666671283843,Thompson-Sampling
3,3.213103793712803,Thompson-Sampling
3,4.278053574615275,Thompson-Sampling
3,2.9441359036206602,Thompson-Sampling
3,4.091199386995728,Thompson-Sampling
3,3.6222217760933924,Thompson-Sampling
3,5.3709901995862825,Thompson-Sampling
3,4.0755714941858665,Thompson-Sampling
3,5.025942754214802,Thompson-Sampling
3,2.2919666715250684,Thompson-Sampling
3,5.398858961637806,Thompson-Sampling
3,5.753900858958868,Thompson-Sampling
3,3.317521315842092,Thompson-Sampling
3,3.3384191305142563,Thompson-Sampling
3,4.328833650627806,Thompson-Sampling
3,3.4979075123782923,Thompson-Sampling
3,3.762187474040231,Thompson-Sampling
3,4.735505045680605,Thompson-Sampling
3,5.608880799900592,Thompson-Sampling
3,5.168537790051788,Thompson-Sampling
3,3.652088977786986,Thompson-Sampling
3,3.6643724317834394,Thompson-Sampling
3,4.5279292336451675,Thompson-Sampling
3,4.552218974127788,Thompson-Sampling
3,3.54723245937891,Thompson-Sampling
3,3.2534070893675415,Thompson-Sampling
3,3.6495317394533875,Thompson-Sampling
3,3.1244674314481133,Thompson-Sampling
3,2.756108284086217,Thompson-Sampling
3,3.638482842511807,Thompson-Sampling
3,4.717656812131129,Thompson-Sampling
3,4.391428856687297,Thompson-Sampling
3,3.9857299943813227,Thompson-Sampling
3,4.343006613469639,Thompson-Sampling
3,3.5134712267558665,Thompson-Sampling
3,5.899359157502343,Thompson-Sampling
3,4.080465366472705,Thompson-Sampling
3,4.55287299535256,Thompson-Sampling
3,4.9084045244847445,Thompson-Sampling
3,4.226932716839628,Thompson-Sampling
3,3.554852484074477,Thompson-Sampling
3,2.6677457004100917,Thompson-Sampling
3,5.054775500936049,Thompson-Sampling
3,3.7448211758245225,Thompson-Sampling
3,6.405727761742966,Thompson-Sampling
3,3.0189611916079477,Thompson-Sampling
3,6.751252707621051,Thompson-Sampling
3,2.457740492739041,Thompson-Sampling
3,5.157488063143526,Thompson-Sampling
3,4.560854843449154,Thompson-Sampling
3,3.914624963755144,Thompson-Sampling
3,2.91685268644835,Thompson-Sampling
3,4.115194295377769,Thompson-Sampling
3,5.4669400659864955,Thompson-Sampling
3,4.704594362709274,Thompson-Sampling
3,3.432702232232517,Thompson-Sampling
3,3.899069412371121,Thompson-Sampling
3,4.75224488923574,Thompson-Sampling
3,3.5742990747907912,Thompson-Sampling
3,4.206458500631129,Thompson-Sampling
3,5.0938202304506,Thompson-Sampling
3,4.52860118828671,Thompson-Sampling
3,3.3257439767166876,Thompson-Sampling
3,4.304976402214136,Thompson-Sampling
3,3.985156790625666,Thompson-Sampling
3,2.408290929747193,Thompson-Sampling
3,4.402046027188323,Thompson-Sampling
3,4.573203211385653,Thompson-Sampling
3,5.904155242909322,Thompson-Sampling
3,5.146383209705587,Thompson-Sampling
3,5.5907491017981865,Thompson-Sampling
3,4.878261199838139,Thompson-Sampling
3,2.922691711467717,Thompson-Sampling
3,4.788096531176946,Thompson-Sampling
3,3.7463591606367155,Thompson-Sampling
3,4.270554331510274,Thompson-Sampling
3,5.187435903808458,Thompson-Sampling
3,4.030016739792454,Thompson-Sampling
3,4.128666799198604,Thompson-Sampling
3,4.799554082904214,Thompson-Sampling
3,3.144168223939942,Thompson-Sampling
3,4.557118280338779,Thompson-Sampling
3,2.8202843998324645,Thompson-Sampling
3,4.699805090365777,Thompson-Sampling
3,4.242431197121946,Thompson-Sampling
3,4.831104390423416,Thompson-Sampling
3,3.1052150412107062,Thompson-Sampling
3,3.720271498714218,Thompson-Sampling
3,3.0527790614386787,Thompson-Sampling
3,5.185516580544167,Thompson-Sampling
3,2.694979618311004,Thompson-Sampling
3,4.080859852427583,Thompson-Sampling
3,4.7351457453700165,Thompson-Sampling
3,4.172598513983341,Thompson-Sampling
3,4.300919916065209,Thompson-Sampling
3,3.9579650845512693,Thompson-Sampling
3,4.220325404750523,Thompson-Sampling
3,4.622755758003746,Thompson-Sampling
3,3.7808679794269855,Thompson-Sampling
3,2.946325034090914,Thompson-Sampling
3,4.361660616481915,Thompson-Sampling
3,5.598338550723387,Thompson-Sampling
3,0.7953028856102526,Thompson-Sampling
3,5.005709519365049,Thompson-Sampling
3,2.68771315682495,Thompson-Sampling
3,3.295785015728692,Thompson-Sampling
3,4.650674361116005,Thompson-Sampling
3,5.0293536992343775,Thompson-Sampling
3,6.072680559343807,Thompson-Sampling
3,4.322343220466148,Thompson-Sampling
3,5.740334476150842,Thompson-Sampling
3,2.757890329993721,Thompson-Sampling
3,3.5306856407527034,Thompson-Sampling
3,5.280684748667791,Thompson-Sampling
3,5.01921033943481,Thompson-Sampling
3,4.226962807843701,Thompson-Sampling
3,4.131649690205489,Thompson-Sampling
3,4.295700941762889,Thompson-Sampling
3,4.496419671285473,Thompson-Sampling
3,2.9606298655834835,Thompson-Sampling
3,2.6910078590284514,Thompson-Sampling
3,4.713353757765462,Thompson-Sampling
3,3.344631413644528,Thompson-Sampling
3,5.6282120701087885,Thompson-Sampling
3,5.210171714361519,Thompson-Sampling
3,4.3766906250576225,Thompson-Sampling
3,3.044027713837266,Thompson-Sampling
3,4.838698298822075,Thompson-Sampling
3,3.130540891600007,Thompson-Sampling
3,4.898357637314807,Thompson-Sampling
3,2.6342387058348526,Thompson-Sampling
3,5.5587811489024626,Thompson-Sampling
3,3.6816867645675457,Thompson-Sampling
3,4.7061485490375965,Thompson-Sampling
3,5.142170663363184,Thompson-Sampling
3,2.847933107845188,Thompson-Sampling
3,4.540418603561665,Thompson-Sampling
3,3.318199242104162,Thompson-Sampling
3,3.686134738975551,Thompson-Sampling
3,2.689025970760059,Thompson-Sampling
3,2.0986717100050005,Thompson-Sampling
3,4.4163789446675095,Thompson-Sampling
3,3.111780192273774,Thompson-Sampling
3,4.048160968578357,Thompson-Sampling
3,5.235950283840563,Thompson-Sampling
3,2.8597892516491763,Thompson-Sampling
3,6.01345356868261,Thompson-Sampling
3,3.2712107691695334,Thompson-Sampling
3,3.9616438006722516,Thompson-Sampling
3,4.0973048230177564,Thompson-Sampling
3,2.573659064672972,Thompson-Sampling
3,5.753645635009301,Thompson-Sampling
3,4.142375067639515,Thompson-Sampling
3,2.241120544843929,Thompson-Sampling
3,5.363702129099596,Thompson-Sampling
3,4.987855013288861,Thompson-Sampling
3,3.413462356657234,Thompson-Sampling
3,4.601903059777371,Thompson-Sampling
3,4.334081493443025,Thompson-Sampling
3,4.706758301217737,Thompson-Sampling
3,3.101245865121576,Thompson-Sampling
3,4.060552954322035,Thompson-Sampling
3,3.5064913198787386,Thompson-Sampling
3,5.303691738570722,Thompson-Sampling
3,4.9928059862793965,Thompson-Sampling
3,2.578222965811307,Thompson-Sampling
3,3.0136385020680256,Thompson-Sampling
3,3.186275548374668,Thompson-Sampling
3,4.044653510978923,Thompson-Sampling
3,4.262648033309217,Thompson-Sampling
3,4.138610863359257,Thompson-Sampling
3,3.9919253152901506,Thompson-Sampling
3,3.2453966592273273,Thompson-Sampling
3,4.4743983618741225,Thompson-Sampling
3,4.068481510696364,Thompson-Sampling
3,3.4178506873784227,Thompson-Sampling
3,2.7376246972039358,Thompson-Sampling
3,2.9553520342756965,Thompson-Sampling
3,5.12549778092688,Thompson-Sampling
3,4.252511455334205,Thompson-Sampling
3,5.379906332776578,Thompson-Sampling
3,5.086076376865634,Thompson-Sampling
3,2.5445605604477404,Thompson-Sampling
3,4.860872591624808,Thompson-Sampling
3,5.594256145623611,Thompson-Sampling
3,4.002549258182476,Thompson-Sampling
3,3.7862927471711316,Thompson-Sampling
3,2.978501000530197,Thompson-Sampling
3,3.608377606685189,Thompson-Sampling
3,3.682167881646783,Thompson-Sampling
3,6.499763166527649,Thompson-Sampling
3,2.9237877999140203,Thompson-Sampling
3,3.706774908706307,Thompson-Sampling
3,4.174155763103041,Thompson-Sampling
3,4.385213168927432,Thompson-Sampling
3,2.104015134421811,Thompson-Sampling
3,3.6672319414553773,Thompson-Sampling
3,4.781335622916107,Thompson-Sampling
3,2.777221132764195,Thompson-Sampling
3,5.159845736707805,Thompson-Sampling
3,4.572731287804276,Thompson-Sampling
3,2.78614428477273,Thompson-Sampling
3,4.563137742149222,Thompson-Sampling
3,4.443877195525059,Thompson-Sampling
3,6.417841538396598,Thompson-Sampling
3,4.522209339456569,Thompson-Sampling
3,4.277991450953143,Thompson-Sampling
3,2.6181767769035518,Thompson-Sampling
3,2.777856826030182,Thompson-Sampling
3,3.6427892641417663,Thompson-Sampling
3,4.360222348474072,Thompson-Sampling
3,4.64304172063735,Thompson-Sampling
3,5.009303401743845,Thompson-Sampling
3,2.0685281102653774,Thompson-Sampling
3,3.9336923380992523,Thompson-Sampling
3,3.731483009962376,Thompson-Sampling
3,4.4984825092322405,Thompson-Sampling
3,4.9520867607522465,Thompson-Sampling
3,4.885445165676511,Thompson-Sampling
3,4.687945933343683,Thompson-Sampling
3,5.814290740723297,Thompson-Sampling
3,2.688339622641477,Thompson-Sampling
3,4.430363092284735,Thompson-Sampling
3,3.4449488714382053,Thompson-Sampling
3,2.9642053483004993,Thompson-Sampling
3,5.286067910039939,Thompson-Sampling
3,3.1636049442307734,Thompson-Sampling
3,3.0215080628819386,Thompson-Sampling
3,2.4814568967164647,Thompson-Sampling
3,3.8208442683117694,Thompson-Sampling
3,4.276997833468295,Thompson-Sampling
3,4.7345977343620795,Thompson-Sampling
3,4.7419498133469045,Thompson-Sampling
3,3.548660887392851,Thompson-Sampling
3,5.273646444568646,Thompson-Sampling
3,2.733663998228246,Thompson-Sampling
3,3.4178198376336772,Thompson-Sampling
3,5.111555753843611,Thompson-Sampling
3,2.79103856589584,Thompson-Sampling
3,5.287700859744991,Thompson-Sampling
3,5.84456342478655,Thompson-Sampling
3,5.005206516695884,Thompson-Sampling
3,4.288493497215004,Thompson-Sampling
3,3.814971465889038,Thompson-Sampling
3,4.693830902129996,Thompson-Sampling
3,3.1827153638739607,Thompson-Sampling
3,4.871479650917046,Thompson-Sampling
3,4.8896132524039695,Thompson-Sampling
3,5.181253372746872,Thompson-Sampling
3,4.194294791050329,Thompson-Sampling
3,4.724077160694361,Thompson-Sampling
3,4.453847286625792,Thompson-Sampling
3,3.943183107322465,Thompson-Sampling
3,4.212566909561365,Thompson-Sampling
3,3.591364083628415,Thompson-Sampling
3,3.4659671406682264,Thompson-Sampling
3,3.566979378368034,Thompson-Sampling
3,4.858203786883736,Thompson-Sampling
3,4.057243350636103,Thompson-Sampling
3,4.234387864926454,Thompson-Sampling
3,5.014027914143892,Thompson-Sampling
3,2.433487396350124,Thompson-Sampling
3,3.9760403839900813,Thompson-Sampling
3,5.055141806568137,Thompson-Sampling
3,4.477077667432433,Thompson-Sampling
3,3.7585366138896115,Thompson-Sampling
3,5.292361990768856,Thompson-Sampling
3,5.121983625649316,Thompson-Sampling
3,2.440506117974489,Thompson-Sampling
3,4.041819241325767,Thompson-Sampling
3,4.864064156064753,Thompson-Sampling
3,3.424306752561893,Thompson-Sampling
3,5.854684087422044,Thompson-Sampling
3,3.277414477058525,Thompson-Sampling
3,4.679755668875635,Thompson-Sampling
3,4.410581906076256,Thompson-Sampling
3,3.5546838317155247,Thompson-Sampling
3,3.7615907653295446,Thompson-Sampling
3,4.912249480552566,Thompson-Sampling
3,4.82014815906278,Thompson-Sampling
3,2.645065375788078,Thompson-Sampling
3,4.242928467732648,Thompson-Sampling
3,3.878935198196352,Thompson-Sampling
3,2.9163593101173086,Thompson-Sampling
3,5.41371501277732,Thompson-Sampling
3,5.357132984389404,Thompson-Sampling
3,3.6852529371387486,Thompson-Sampling
3,5.129150217002005,Thompson-Sampling
3,5.677094282619007,Thompson-Sampling
3,3.8476943039912914,Thompson-Sampling
3,5.416855760171848,Thompson-Sampling
3,4.653112409258455,Thompson-Sampling
3,3.454091085520136,Thompson-Sampling
3,2.489023210817036,Thompson-Sampling
3,5.595805521266282,Thompson-Sampling
3,4.688837745039097,Thompson-Sampling
3,4.067569138703228,Thompson-Sampling
3,3.2507960861333216,Thompson-Sampling
3,4.373150207233655,Thompson-Sampling
3,3.927058335929419,Thompson-Sampling
3,3.5996691006465142,Thompson-Sampling
3,3.4701010929689784,Thompson-Sampling
3,3.4655113364953136,Thompson-Sampling
3,5.366990228795827,Thompson-Sampling
3,2.3172856515003164,Thompson-Sampling
3,3.7798985803841045,Thompson-Sampling
3,4.186319004611222,Thompson-Sampling
3,3.699453672715051,Thompson-Sampling
3,3.6114736661897924,Thompson-Sampling
3,4.866994555861702,Thompson-Sampling
3,3.778778393207278,Thompson-Sampling
3,4.30610491176801,Thompson-Sampling
3,2.9156749869470358,Thompson-Sampling
3,4.253148831984964,Thompson-Sampling
3,4.6081274805321435,Thompson-Sampling
3,3.1368599710407277,Thompson-Sampling
3,3.417390183588314,Thompson-Sampling
3,1.2785002228865023,Thompson-Sampling
3,4.570169771312451,Thompson-Sampling
3,4.216054763772186,Thompson-Sampling
3,4.046486489454328,Thompson-Sampling
3,3.886479863634146,Thompson-Sampling
3,4.338905435404595,Thompson-Sampling
3,3.8508387759604927,Thompson-Sampling
3,2.818959082239834,Thompson-Sampling
3,4.023941509347334,Thompson-Sampling
3,4.910283923873026,Thompson-Sampling
3,3.700675495051512,Thompson-Sampling
3,3.149249217589044,Thompson-Sampling
3,1.978591011074089,Thompson-Sampling
3,4.08007991657968,Thompson-Sampling
3,4.745525991206643,Thompson-Sampling
3,4.806134885630786,Thompson-Sampling
3,3.9158992428788735,Thompson-Sampling
3,4.2097873862983395,Thompson-Sampling
3,3.6073090498777196,Thompson-Sampling
3,2.9717712717666203,Thompson-Sampling
3,3.171242054295337,Thompson-Sampling
3,5.294540513737419,Thompson-Sampling
3,5.337083272857227,Thompson-Sampling
3,3.0155247598721915,Thompson-Sampling
3,4.215036950713562,Thompson-Sampling
3,4.962463397331608,Thompson-Sampling
3,4.182118486284526,Thompson-Sampling
3,3.6795503295531256,Thompson-Sampling
3,3.198517389740927,Thompson-Sampling
3,4.217216407732107,Thompson-Sampling
3,6.062028703924737,Thompson-Sampling
3,4.130607267774618,Thompson-Sampling
3,4.359097704232388,Thompson-Sampling
3,4.7834629795551225,Thompson-Sampling
3,4.162392442853092,Thompson-Sampling
3,4.6460113122223605,Thompson-Sampling
3,4.115024504837601,Thompson-Sampling
3,3.369859269900802,Thompson-Sampling
3,2.6764882697326198,Thompson-Sampling
3,6.72549806570437,Thompson-Sampling
3,3.3874624734244843,Thompson-Sampling
3,4.16557859678433,Thompson-Sampling
3,7.424434968432984,Thompson-Sampling
3,4.9000800660555575,Thompson-Sampling
3,2.7224164174924557,Thompson-Sampling
3,2.8178130652183824,Thompson-Sampling
3,3.787321452289491,Thompson-Sampling
3,4.744518700337144,Thompson-Sampling
3,2.6905324766282863,Thompson-Sampling
3,3.5934978860068223,Thompson-Sampling
3,4.213322243213965,Thompson-Sampling
3,3.9468929654141,Thompson-Sampling
3,4.972095406102737,Thompson-Sampling
3,3.779170971700209,Thompson-Sampling
3,3.4452973955522816,Thompson-Sampling
3,3.4954919893709304,Thompson-Sampling
3,4.991505661732921,Thompson-Sampling
3,3.983139691956872,Thompson-Sampling
3,5.590445584406982,Thompson-Sampling
3,3.1665635918615127,Thompson-Sampling
3,5.043523078249622,Thompson-Sampling
3,4.431192864003888,Thompson-Sampling
3,6.361102825586704,Thompson-Sampling
3,4.02860749699456,Thompson-Sampling
3,4.6991196526790855,Thompson-Sampling
3,4.52800101576966,Thompson-Sampling
3,4.089380589149083,Thompson-Sampling
3,3.083288822683297,Thompson-Sampling
3,3.1216703104560746,Thompson-Sampling
3,3.4155846946436963,Thompson-Sampling
3,4.914134225025896,Thompson-Sampling
3,3.745115938716939,Thompson-Sampling
3,3.7707780927673005,Thompson-Sampling
3,4.9797055198574816,Thompson-Sampling
3,4.811264554755147,Thompson-Sampling
3,3.754247521213949,Thompson-Sampling
3,3.7190500236207864,Thompson-Sampling
3,4.080520199004901,Thompson-Sampling
3,4.427210711551096,Thompson-Sampling
3,6.207835589672785,Thompson-Sampling
3,3.290452736507058,Thompson-Sampling
3,3.5110318512474348,Thompson-Sampling
3,4.239388333227295,Thompson-Sampling
3,4.102163977464278,Thompson-Sampling
3,6.094774268307656,Thompson-Sampling
3,3.9633106127867026,Thompson-Sampling
3,4.066264884517785,Thompson-Sampling
3,4.557311149909971,Thompson-Sampling
3,3.2118492202624096,Thompson-Sampling
3,2.1351474976487914,Thompson-Sampling
3,4.438083768381227,Thompson-Sampling
3,5.586860558773706,Thompson-Sampling
3,4.960566371427859,Thompson-Sampling
3,3.978277759564805,Thompson-Sampling
3,4.540606670989314,Thompson-Sampling
3,3.2064502190915976,Thompson-Sampling
3,3.5051418442199362,Thompson-Sampling
3,4.376426499897081,Thompson-Sampling
3,4.307271944420821,Thompson-Sampling
3,6.417055891586642,Thompson-Sampling
3,3.2170048694973747,Thompson-Sampling
3,3.7485257875800135,Thompson-Sampling
3,3.3969065618851384,Thompson-Sampling
3,4.491041649042569,Thompson-Sampling
3,6.201230375221165,Thompson-Sampling
3,3.7918056761724075,Thompson-Sampling
3,3.1269970577408204,Thompson-Sampling
3,3.2599884696380177,Thompson-Sampling
3,3.9746795352183755,Thompson-Sampling
3,4.165538593237452,Thompson-Sampling
3,4.670017361917412,Thompson-Sampling
3,5.635983588255302,Thompson-Sampling
3,5.230994138074613,Thompson-Sampling
3,4.135690187628777,Thompson-Sampling
3,4.333979416343877,Thompson-Sampling
3,4.017037373659679,Thompson-Sampling
3,1.6232442830481735,Thompson-Sampling
3,4.765350677165535,Thompson-Sampling
3,4.1361240550651,Thompson-Sampling
3,4.784431354553432,Thompson-Sampling
3,4.659087438510651,Thompson-Sampling
3,4.753028172896805,Thompson-Sampling
3,5.519586501736466,Thompson-Sampling
3,4.665103945101672,Thompson-Sampling
3,3.373314868416897,Thompson-Sampling
3,4.133895233401181,Thompson-Sampling
3,5.1580215843771064,Thompson-Sampling
3,4.288560763022721,Thompson-Sampling
3,4.754390216340387,Thompson-Sampling
3,2.7881970992668106,Thompson-Sampling
3,4.6176265949846105,Thompson-Sampling
3,4.422991182723053,Thompson-Sampling
3,4.044630745816399,Thompson-Sampling
3,2.7181310334222992,Thompson-Sampling
3,6.265728467913942,Thompson-Sampling
3,3.019136289735717,Thompson-Sampling
3,3.721682762682171,Thompson-Sampling
3,3.0533309191072697,Thompson-Sampling
3,4.823078248304761,Thompson-Sampling
3,4.137175643757096,Thompson-Sampling
3,3.809986127364915,Thompson-Sampling
3,2.686183732754519,Thompson-Sampling
3,4.788454068244884,Thompson-Sampling
3,5.201969429659528,Thompson-Sampling
3,3.7064148802625168,Thompson-Sampling
3,3.262342043402725,Thompson-Sampling
3,3.6832120059573175,Thompson-Sampling
3,3.279143385372398,Thompson-Sampling
3,4.813742651588843,Thompson-Sampling
3,4.726763700770912,Thompson-Sampling
3,4.431939368800443,Thompson-Sampling
3,4.65150817706419,Thompson-Sampling
3,3.246083438327147,Thompson-Sampling
3,3.491352531108361,Thompson-Sampling
3,5.31420535364871,Thompson-Sampling
3,3.63911308601726,Thompson-Sampling
3,2.979234620668077,Thompson-Sampling
3,3.8272155034890027,Thompson-Sampling
3,3.3509260929480336,Thompson-Sampling
3,4.083472610475657,Thompson-Sampling
3,3.5366509302340075,Thompson-Sampling
3,4.055134969278914,Thompson-Sampling
3,3.4273781057603783,Thompson-Sampling
3,3.2998684610847993,Thompson-Sampling
3,4.113567096674734,Thompson-Sampling
3,3.8936326018263627,Thompson-Sampling
3,3.901800257373067,Thompson-Sampling
3,4.460004375851009,Thompson-Sampling
3,3.9899967778985173,Thompson-Sampling
3,5.578060998984748,Thompson-Sampling
3,4.124286499838027,Thompson-Sampling
3,5.23168649036228,Thompson-Sampling
3,4.861777356932649,Thompson-Sampling
3,3.182387348864791,Thompson-Sampling
3,4.983492859827631,Thompson-Sampling
3,5.322110720835587,Thompson-Sampling
3,4.078870949448929,Thompson-Sampling
3,3.0490994445579283,Thompson-Sampling
3,2.3204774153866596,Thompson-Sampling
3,2.9230640188049675,Thompson-Sampling
3,5.541407056516869,Thompson-Sampling
3,4.043731390409035,Thompson-Sampling
3,4.758171412000702,Thompson-Sampling
3,6.3058735513236766,Thompson-Sampling
3,5.354847579099592,Thompson-Sampling
3,2.8389115220130767,Thompson-Sampling
3,5.28658965699263,Thompson-Sampling
3,2.9999738259517716,Thompson-Sampling
3,4.110184363099019,Thompson-Sampling
3,4.118311692725693,Thompson-Sampling
3,3.755078451357361,Thompson-Sampling
3,5.348209021810952,Thompson-Sampling
3,3.9419853300729533,Thompson-Sampling
3,3.997079049228445,Thompson-Sampling
3,3.8699267465262803,Thompson-Sampling
3,3.6641262512519264,Thompson-Sampling
3,3.5926741478171946,Thompson-Sampling
3,4.262479971241091,Thompson-Sampling
3,5.158125923015207,Thompson-Sampling
3,3.641423114837519,Thompson-Sampling
3,3.0044397326556016,Thompson-Sampling
3,4.082012972656118,Thompson-Sampling
3,3.6398472764973646,Thompson-Sampling
3,4.703278343930881,Thompson-Sampling
3,4.4028699912151295,Thompson-Sampling
3,3.291338983986946,Thompson-Sampling
3,3.6822489627340502,Thompson-Sampling
3,3.7024596584221903,Thompson-Sampling
3,3.792933640443032,Thompson-Sampling
3,5.440062754459786,Thompson-Sampling
3,4.479484240063877,Thompson-Sampling
3,2.4997982217431973,Thompson-Sampling
3,4.926901274786912,Thompson-Sampling
3,3.8008287881828693,Thompson-Sampling
3,4.072260376057042,Thompson-Sampling
3,6.546809007033595,Thompson-Sampling
3,4.109587072661667,Thompson-Sampling
3,4.643868010923174,Thompson-Sampling
3,3.1954622551057112,Thompson-Sampling
3,1.902477392782775,Thompson-Sampling
3,4.1520409059211385,Thompson-Sampling
3,5.36767974797178,Thompson-Sampling
3,3.411684203603058,Thompson-Sampling
3,2.6085458028240667,Thompson-Sampling
3,3.2823124691630112,Thompson-Sampling
3,5.607054170538264,Thompson-Sampling
3,3.6037771491270694,Thompson-Sampling
3,3.201902307347339,Thompson-Sampling
3,3.6700839963115115,Thompson-Sampling
3,2.4793366767783978,Thompson-Sampling
3,2.850852150326009,Thompson-Sampling
3,2.9914748734415615,Thompson-Sampling
3,4.517169144253705,Thompson-Sampling
3,2.0689883879756064,Thompson-Sampling
3,4.2955948570202915,Thompson-Sampling
3,3.533791029329355,Thompson-Sampling
3,6.046776111093069,Thompson-Sampling
3,3.34263425261707,Thompson-Sampling
3,4.6830804093608975,Thompson-Sampling
3,4.7014957781390585,Thompson-Sampling
3,4.562822617698839,Thompson-Sampling
3,3.5467299404498633,Thompson-Sampling
3,4.5391773429561395,Thompson-Sampling
3,4.971147986402354,Thompson-Sampling
3,2.8415006529118996,Thompson-Sampling
3,5.070018348582454,Thompson-Sampling
3,5.87427711144092,Thompson-Sampling
3,3.5804082233958616,Thompson-Sampling
3,4.556231434063735,Thompson-Sampling
3,2.894820949250585,Thompson-Sampling
3,5.043053232559638,Thompson-Sampling
3,3.2903846313676937,Thompson-Sampling
3,2.131991639612712,Thompson-Sampling
3,4.370434255093619,Thompson-Sampling
3,5.092780270918763,Thompson-Sampling
3,3.54074451398142,Thompson-Sampling
3,3.160386433106929,Thompson-Sampling
3,5.491629620989395,Thompson-Sampling
3,4.763128048576666,Thompson-Sampling
3,6.521215563592417,Thompson-Sampling
3,5.600027268057376,Thompson-Sampling
3,5.664821960028306,Thompson-Sampling
3,4.1557331029854,Thompson-Sampling
3,4.348594304010402,Thompson-Sampling
3,3.3709997380242243,Thompson-Sampling
3,3.2428234017077506,Thompson-Sampling
3,4.045880190194407,Thompson-Sampling
3,4.388797169811539,Thompson-Sampling
3,4.990360530823603,Thompson-Sampling
3,4.019534330513912,Thompson-Sampling
3,3.61992179736505,Thompson-Sampling
3,3.0131946358627104,Thompson-Sampling
3,4.210586523630384,Thompson-Sampling
3,4.5929815267966,Thompson-Sampling
3,3.0482065329241594,Thompson-Sampling
3,2.4607379751059053,Thompson-Sampling
3,3.9565772802132786,Thompson-Sampling
3,4.489781702667969,Thompson-Sampling
3,4.528573366739347,Thompson-Sampling
3,4.93211182701855,Thompson-Sampling
3,3.6622860860521156,Thompson-Sampling
3,4.188655240381218,Thompson-Sampling
3,5.601935729327147,Thompson-Sampling
3,4.2194519765328975,Thompson-Sampling
3,4.489226911713545,Thompson-Sampling
3,4.636787902109775,Thompson-Sampling
3,3.3563422014764717,Thompson-Sampling
3,3.488400239545413,Thompson-Sampling
3,2.3325885556066077,Thompson-Sampling
3,4.147527907040576,Thompson-Sampling
3,2.6543071583485838,Thompson-Sampling
3,4.702285876561303,Thompson-Sampling
3,2.880371756275961,Thompson-Sampling
3,2.2512679385128536,Thompson-Sampling
3,4.209565868264727,Thompson-Sampling
3,5.162289816469813,Thompson-Sampling
3,4.101837425701831,Thompson-Sampling
3,4.998976136049834,Thompson-Sampling
3,4.392318854339039,Thompson-Sampling
3,4.437251375754055,Thompson-Sampling
3,6.048938152713218,Thompson-Sampling
3,3.9751175683985713,Thompson-Sampling
3,3.585175250523044,Thompson-Sampling
3,4.175046265742688,Thompson-Sampling
3,3.8370725516423185,Thompson-Sampling
3,4.627854701280073,Thompson-Sampling
3,4.163892983889806,Thompson-Sampling
3,2.703637749329698,Thompson-Sampling
3,5.001882848400755,Thompson-Sampling
3,3.1723988605639604,Thompson-Sampling
3,5.734462140099051,Thompson-Sampling
3,5.302055161906415,Thompson-Sampling
3,2.558060484591736,Thompson-Sampling
3,4.1081803821858625,Thompson-Sampling
3,3.4206082285523682,Thompson-Sampling
3,4.297781651450097,Thompson-Sampling
3,2.8702949365495174,Thompson-Sampling
3,4.30745940480666,Thompson-Sampling
3,3.784699736976544,Thompson-Sampling
3,4.688226052271327,Thompson-Sampling
3,4.074467745095573,Thompson-Sampling
3,3.640317313998794,Thompson-Sampling
3,4.112150817350326,Thompson-Sampling
3,5.058546946601957,Thompson-Sampling
3,4.180863452398447,Thompson-Sampling
3,5.062185113813144,Thompson-Sampling
3,4.665633034863695,Thompson-Sampling
3,4.788339891938663,Thompson-Sampling
3,3.9177052836990196,Thompson-Sampling
3,3.2971221957918115,Thompson-Sampling
3,3.6350148629581023,Thompson-Sampling
3,2.6748653961618976,Thompson-Sampling
3,4.5314154173093915,Thompson-Sampling
3,2.9996365293744374,Thompson-Sampling
3,5.5361053220053265,Thompson-Sampling
3,5.184420489828007,Thompson-Sampling
3,2.562992820013763,Thompson-Sampling
3,5.508898977440664,Thompson-Sampling
3,3.7566868462517142,Thompson-Sampling
3,4.248072659544385,Thompson-Sampling
3,4.649677274539801,Thompson-Sampling
3,2.9504612733712072,Thompson-Sampling
3,4.401939025705662,Thompson-Sampling
3,4.5764892691653785,Thompson-Sampling
3,3.890858496234306,Thompson-Sampling
3,5.198961908896774,Thompson-Sampling
3,6.314905314651087,Thompson-Sampling
3,5.224738685900918,Thompson-Sampling
3,4.415356107534787,Thompson-Sampling
3,6.175289741578124,Thompson-Sampling
3,4.434110762226311,Thompson-Sampling
3,3.8604403217843863,Thompson-Sampling
3,3.9398033606444685,Thompson-Sampling
3,3.339784344298673,Thompson-Sampling
3,1.590232046547901,Thompson-Sampling
3,4.506566996343669,Thompson-Sampling
3,4.903897121121949,Thompson-Sampling
3,4.155344156419528,Thompson-Sampling
3,4.312917193317918,Thompson-Sampling
3,3.2092650286678794,Thompson-Sampling
3,4.666989541945377,Thompson-Sampling
3,4.647774144816175,Thompson-Sampling
3,3.378067981845574,Thompson-Sampling
3,4.230097377381228,Thompson-Sampling
3,3.7440312486310265,Thompson-Sampling
3,3.7574169168241,Thompson-Sampling
3,3.5675788983216865,Thompson-Sampling
3,3.7818213593085983,Thompson-Sampling
3,3.403259585416156,Thompson-Sampling
3,5.719110590535479,Thompson-Sampling
3,3.699682342436276,Thompson-Sampling
3,3.031773265907419,Thompson-Sampling
3,3.6216189658699616,Thompson-Sampling
3,3.109822781661353,Thompson-Sampling
3,3.5785033869131304,Thompson-Sampling
3,3.4059956734119994,Thompson-Sampling
3,2.9502934152681792,Thompson-Sampling
3,4.991860386029685,Thompson-Sampling
3,5.41576361643036,Thompson-Sampling
3,4.523802113478885,Thompson-Sampling
3,4.242642367113069,Thompson-Sampling
3,3.478430823203058,Thompson-Sampling
3,4.108217913122824,Thompson-Sampling
3,2.6363457805574795,Thompson-Sampling
3,4.497393343686615,Thompson-Sampling
3,4.910951904203983,Thompson-Sampling
3,4.018589870593019,Thompson-Sampling
3,4.480915341281865,Thompson-Sampling
3,3.6020227675132097,Thompson-Sampling
3,3.6170781243940238,Thompson-Sampling
3,5.031766755096313,Thompson-Sampling
3,4.124184457931159,Thompson-Sampling
3,2.5132640138795486,Thompson-Sampling
3,5.243926371009957,Thompson-Sampling
3,3.1051831364294196,Thompson-Sampling
3,3.389373168154254,Thompson-Sampling
3,2.796854429864039,Thompson-Sampling
3,4.511131280693249,Thompson-Sampling
3,4.73206746634622,Thompson-Sampling
3,4.206041645272866,Thompson-Sampling
3,4.005682220260786,Thompson-Sampling
3,3.063586915389554,Thompson-Sampling
3,4.561665221436497,Thompson-Sampling
3,3.70026731807962,Thompson-Sampling
3,3.4304740471304753,Thompson-Sampling
3,4.4355752799357,Thompson-Sampling
3,5.864356569348792,Thompson-Sampling
3,3.8502390000997635,Thompson-Sampling
3,3.5499580820255225,Thompson-Sampling
3,5.216550065840926,Thompson-Sampling
3,3.683209754850897,Thompson-Sampling
3,4.000995632396666,Thompson-Sampling
3,5.79450846002571,Thompson-Sampling
3,4.892323008045641,Thompson-Sampling
3,4.763219704424576,Thompson-Sampling
3,4.187657642497306,Thompson-Sampling
3,3.4429578545537876,Thompson-Sampling
3,5.338477611345196,Thompson-Sampling
3,2.1033605531254453,Thompson-Sampling
3,5.6328820661986345,Thompson-Sampling
3,4.188086475858875,Thompson-Sampling
3,2.8585910625961133,Thompson-Sampling
3,5.738548104221166,Thompson-Sampling
3,4.546828240504546,Thompson-Sampling
3,3.927119415730779,Thompson-Sampling
3,4.230574169679267,Thompson-Sampling
3,4.467466106523446,Thompson-Sampling
3,4.134443188103688,Thompson-Sampling
3,3.962218863783566,Thompson-Sampling
3,4.893739752798801,Thompson-Sampling
3,4.346602072445258,Thompson-Sampling
3,4.319189256640712,Thompson-Sampling
3,1.2616588870898955,Thompson-Sampling
3,4.606639062519241,Thompson-Sampling
3,3.7399403273132115,Thompson-Sampling
3,3.4873109412459273,Thompson-Sampling
3,5.232434036438924,Thompson-Sampling
3,5.0043667361544015,Thompson-Sampling
3,6.26317551061609,Thompson-Sampling
3,4.235302011894316,Thompson-Sampling
3,4.4985155257863045,Thompson-Sampling
3,4.031845659653394,Thompson-Sampling
3,4.756942720625888,Thompson-Sampling
3,3.928598511239619,Thompson-Sampling
3,4.84612249001865,Thompson-Sampling
3,3.692518079812567,Thompson-Sampling
3,4.479328458814384,Thompson-Sampling
3,4.417213019829677,Thompson-Sampling
3,5.571030311445444,Thompson-Sampling
3,3.579922400388957,Thompson-Sampling
3,3.0006076797627235,Thompson-Sampling
3,4.41185043101785,Thompson-Sampling
3,4.592236721183001,Thompson-Sampling
3,3.7624625030010552,Thompson-Sampling
3,4.062092961993907,Thompson-Sampling
3,3.6632380126512025,Thompson-Sampling
3,2.244967751416447,Thompson-Sampling
3,3.7769158020276805,Thompson-Sampling
3,4.642706366769392,Thompson-Sampling
3,4.401778856863124,Thompson-Sampling
3,4.587182281225232,Thompson-Sampling
3,3.751457311287896,Thompson-Sampling
3,4.512626787978605,Thompson-Sampling
3,6.074343837266468,Thompson-Sampling
3,3.9555137756083547,Thompson-Sampling
3,4.180194367203354,Thompson-Sampling
3,5.3688034630370245,Thompson-Sampling
3,2.4752376669834106,Thompson-Sampling
3,2.7820705978030844,Thompson-Sampling
3,2.5935966775287826,Thompson-Sampling
3,4.884371659985978,Thompson-Sampling
3,2.9975293237635285,Thompson-Sampling
3,4.5658136654925645,Thompson-Sampling
3,5.362384085273365,Thompson-Sampling
3,2.268467896655013,Thompson-Sampling
3,4.248572162512936,Thompson-Sampling
3,2.3096484030880355,Thompson-Sampling
3,3.721200882114631,Thompson-Sampling
3,3.03788043467072,Thompson-Sampling
3,5.617041663547456,Thompson-Sampling
3,1.995433781810514,Thompson-Sampling
3,4.215172711359498,Thompson-Sampling
3,3.1620031739634094,Thompson-Sampling
3,3.5578545782425413,Thompson-Sampling
3,4.827117853885886,Thompson-Sampling
3,4.5166499282914465,Thompson-Sampling
3,4.104912881392375,Thompson-Sampling
3,2.5924860062054047,Thompson-Sampling
3,4.025617669778339,Thompson-Sampling
3,3.738116643486313,Thompson-Sampling
3,5.102437525334847,Thompson-Sampling
3,3.4182982906178867,Thompson-Sampling
3,3.131574294913184,Thompson-Sampling
3,4.162016185749263,Thompson-Sampling
3,3.2823003508633426,Thompson-Sampling
3,3.6150120390276284,Thompson-Sampling
3,4.159826814416516,Thompson-Sampling
3,3.1420011708234474,Thompson-Sampling
3,4.189093867703001,Thompson-Sampling
3,5.37392087491031,Thompson-Sampling
3,2.2970866300641095,Thompson-Sampling
3,4.145362135356959,Thompson-Sampling
3,5.011202129987895,Thompson-Sampling
3,3.7601212333274154,Thompson-Sampling
3,3.9456118971668146,Thompson-Sampling
3,5.024486707306045,Thompson-Sampling
3,3.059815685101863,Thompson-Sampling
3,5.154426448450558,Thompson-Sampling
3,4.8654322957526706,Thompson-Sampling
3,4.01306059236232,Thompson-Sampling
3,2.912719364639943,Thompson-Sampling
3,4.549787152605553,Thompson-Sampling
3,3.5305887345800233,Thompson-Sampling
3,3.3017614427794237,Thompson-Sampling
3,1.140037857868959,Thompson-Sampling
3,4.97993294434613,Thompson-Sampling
3,3.0151571566988453,Thompson-Sampling
3,4.474536766158919,Thompson-Sampling
3,5.1193173026954195,Thompson-Sampling
3,3.8572731421392765,Thompson-Sampling
3,4.055990509649527,Thompson-Sampling
3,5.131235916936567,Thompson-Sampling
3,2.710731387909579,Thompson-Sampling
3,1.7588750219358937,Thompson-Sampling
3,3.2836839032878786,Thompson-Sampling
3,4.232029793405229,Thompson-Sampling
3,4.2127903856901305,Thompson-Sampling
3,3.988039979082694,Thompson-Sampling
3,2.224381721602793,Thompson-Sampling
3,4.833647820039724,Thompson-Sampling
3,2.40240565461123,Thompson-Sampling
3,2.629819838961828,Thompson-Sampling
3,5.357800793008623,Thompson-Sampling
3,2.954217190392675,Thompson-Sampling
3,3.1817447575669195,Thompson-Sampling
3,5.071081084512367,Thompson-Sampling
3,3.9485125220306885,Thompson-Sampling
3,2.9988495640662465,Thompson-Sampling
3,3.7243010979919697,Thompson-Sampling
3,4.539651201794856,Thompson-Sampling
3,4.716245465967874,Thompson-Sampling
3,4.420152503386249,Thompson-Sampling
3,4.51476824813321,Thompson-Sampling
3,5.074076469443374,Thompson-Sampling
3,5.505553450294677,Thompson-Sampling
3,4.866198926437483,Thompson-Sampling
3,1.959564413634428,Thompson-Sampling
3,3.3574283364599187,Thompson-Sampling
3,4.137841240216516,Thompson-Sampling
3,3.7442991691821828,Thompson-Sampling
3,4.978507682498659,Thompson-Sampling
3,4.9952088131935595,Thompson-Sampling
3,3.6804357323385237,Thompson-Sampling
3,4.364675598608757,Thompson-Sampling
3,3.9800495965411935,Thompson-Sampling
3,4.455316853303007,Thompson-Sampling
3,4.569754490938999,Thompson-Sampling
3,1.733244551740202,Thompson-Sampling
3,4.364898515661242,Thompson-Sampling
3,2.934663738312202,Thompson-Sampling
3,4.849929612387645,Thompson-Sampling
3,5.832166184335183,Thompson-Sampling
3,3.0725089872785185,Thompson-Sampling
3,3.6515445067662853,Thompson-Sampling
3,4.937622131817493,Thompson-Sampling
3,3.1838242731338644,Thompson-Sampling
3,1.7373634406405678,Thompson-Sampling
3,3.906317980645914,Thompson-Sampling
3,3.18168719103045,Thompson-Sampling
3,2.066429681439145,Thompson-Sampling
3,4.981038974654972,Thompson-Sampling
3,3.0034736885635778,Thompson-Sampling
3,2.80286474201729,Thompson-Sampling
3,4.292059480422629,Thompson-Sampling
3,3.1466489338824415,Thompson-Sampling
3,3.3777895519243195,Thompson-Sampling
3,3.5769375615467753,Thompson-Sampling
3,3.229307440411518,Thompson-Sampling
3,1.070787929254727,Thompson-Sampling
3,5.168334285292729,Thompson-Sampling
3,4.876247485124564,Thompson-Sampling
3,3.659084454113886,Thompson-Sampling
3,4.245613796745723,Thompson-Sampling
3,5.410983712527948,Thompson-Sampling
3,4.026438075806438,Thompson-Sampling
3,4.049578098554616,Thompson-Sampling
3,2.8968184377298747,Thompson-Sampling
3,4.377132913864375,Thompson-Sampling
3,4.177949155552824,Thompson-Sampling
3,4.783056440273062,Thompson-Sampling
3,4.68133117335661,Thompson-Sampling
3,4.680125192622467,Thompson-Sampling
3,3.3632487428589646,Thompson-Sampling
3,4.1902775812106725,Thompson-Sampling
3,3.6319487354502358,Thompson-Sampling
3,5.527019344993352,Thompson-Sampling
3,4.453473501351031,Thompson-Sampling
3,4.54188601876595,Thompson-Sampling
3,5.214949439684009,Thompson-Sampling
3,3.7177345656278504,Thompson-Sampling
3,5.059942496245886,Thompson-Sampling
3,2.882031271500564,Thompson-Sampling
3,4.240858063614899,Thompson-Sampling
3,2.605395502258756,Thompson-Sampling
3,3.145531617731778,Thompson-Sampling
3,5.491623149871035,Thompson-Sampling
3,2.573713300973178,Thompson-Sampling
3,3.4450792066021947,Thompson-Sampling
3,4.139589293715533,Thompson-Sampling
3,5.037566427970456,Thompson-Sampling
3,5.727000709773158,Thompson-Sampling
3,3.078610462921234,Thompson-Sampling
3,5.094422801305617,Thompson-Sampling
3,2.517675267650393,Thompson-Sampling
3,3.6275010610089344,Thompson-Sampling
3,4.162710070088582,Thompson-Sampling
3,2.7176967269622834,Thompson-Sampling
3,2.2377344222573576,Thompson-Sampling
3,3.0160333681429545,Thompson-Sampling
3,4.0156145736769835,Thompson-Sampling
3,2.2333481618388022,Thompson-Sampling
3,4.6573071771780725,Thompson-Sampling
3,5.431487486738996,Thompson-Sampling
3,4.08024652530021,Thompson-Sampling
3,4.955708479552878,Thompson-Sampling
3,4.4133701207248075,Thompson-Sampling
3,4.836664989700072,Thompson-Sampling
3,4.402016020187817,Thompson-Sampling
3,2.0207946381889172,Thompson-Sampling
3,4.98076923628056,Thompson-Sampling
3,4.068575774516461,Thompson-Sampling
3,2.3031886807389563,Thompson-Sampling
3,6.0133174653886545,Thompson-Sampling
3,3.8218184896400205,Thompson-Sampling
3,4.63416459537552,Thompson-Sampling
3,4.375856592849111,Thompson-Sampling
3,2.9138005547361394,Thompson-Sampling
3,4.913753022034356,Thompson-Sampling
3,2.940073655938507,Thompson-Sampling
3,2.456216506848639,Thompson-Sampling
3,5.818426113468207,Thompson-Sampling
3,4.3178203652329845,Thompson-Sampling
3,4.93379533885049,Thompson-Sampling
3,3.6453540417134507,Thompson-Sampling
3,4.284279929715674,Thompson-Sampling
3,3.3344120939593895,Thompson-Sampling
3,6.04972833365021,Thompson-Sampling
3,5.043763973204943,Thompson-Sampling
3,6.164666693942856,Thompson-Sampling
3,3.700168423333602,Thompson-Sampling
3,4.9842765531984945,Thompson-Sampling
3,3.576410109862632,Thompson-Sampling
3,3.343961808934357,Thompson-Sampling
3,4.380983427071163,Thompson-Sampling
3,4.341459615170818,Thompson-Sampling
3,3.801519604295132,Thompson-Sampling
3,3.3201729507335545,Thompson-Sampling
3,5.150546530376104,Thompson-Sampling
3,3.0886649327675904,Thompson-Sampling
3,3.9189042394842555,Thompson-Sampling
3,4.226567618690038,Thompson-Sampling
3,3.150204390610331,Thompson-Sampling
3,5.138476153737385,Thompson-Sampling
3,3.5102029567448154,Thompson-Sampling
3,3.052478159558645,Thompson-Sampling
3,4.921043046432358,Thompson-Sampling
3,4.53396633494198,Thompson-Sampling
3,3.6867799989914336,Thompson-Sampling
3,2.3224185966099715,Thompson-Sampling
3,4.236994731286267,Thompson-Sampling
3,3.232742243777155,Thompson-Sampling
3,2.641894279610434,Thompson-Sampling
3,3.4995461978867137,Thompson-Sampling
3,2.3622239001045546,Thompson-Sampling
3,5.791347808827724,Thompson-Sampling
3,4.220382980388497,Thompson-Sampling
3,3.85357490598397,Thompson-Sampling
3,2.3463889945517487,Thompson-Sampling
3,5.64040342818271,Thompson-Sampling
3,4.10911620085503,Thompson-Sampling
3,4.6922981939416655,Thompson-Sampling
3,2.6112535346794368,Thompson-Sampling
3,4.314082168679475,Thompson-Sampling
3,5.262881395420607,Thompson-Sampling
3,5.3264681650217,Thompson-Sampling
3,3.658806368343209,Thompson-Sampling
3,3.862207614177585,Thompson-Sampling
3,4.718329919844766,Thompson-Sampling
3,4.6464597702033235,Thompson-Sampling
3,2.789362920662721,Thompson-Sampling
3,4.462511635791862,Thompson-Sampling
3,4.2130410160138405,Thompson-Sampling
3,2.8493159883510475,Thompson-Sampling
3,3.0374512588668674,Thompson-Sampling
3,4.123987843230288,Thompson-Sampling
3,4.441276333022665,Thompson-Sampling
3,3.8720699792074744,Thompson-Sampling
3,4.342087782252134,Thompson-Sampling
3,2.829199420407469,Thompson-Sampling
3,4.295240350716514,Thompson-Sampling
3,2.0750845383858256,Thompson-Sampling
3,3.265126171895874,Thompson-Sampling
3,3.5130558931013907,Thompson-Sampling
3,3.619482897061406,Thompson-Sampling
3,3.6897196359017754,Thompson-Sampling
3,3.2120819491588555,Thompson-Sampling
3,4.565338192111349,Thompson-Sampling
3,4.8006196855879155,Thompson-Sampling
3,4.153753500775899,Thompson-Sampling
3,4.749115561451664,Thompson-Sampling
3,6.037189678033745,Thompson-Sampling
3,2.909879618969002,Thompson-Sampling
3,1.4327742786921465,Thompson-Sampling
3,6.045647908107043,Thompson-Sampling
3,3.420501287515708,Thompson-Sampling
3,3.481181678355823,Thompson-Sampling
3,2.974554542290967,Thompson-Sampling
3,5.952762419934845,Thompson-Sampling
3,5.107682897280746,Thompson-Sampling
3,5.339695475832089,Thompson-Sampling
3,3.791805007064414,Thompson-Sampling
3,4.180458625733174,Thompson-Sampling
3,3.6656147692612175,Thompson-Sampling
3,4.818384926933514,Thompson-Sampling
3,4.105231046779428,Thompson-Sampling
3,4.168984860369374,Thompson-Sampling
3,4.7946635566573,Thompson-Sampling
3,4.536958254951895,Thompson-Sampling
3,4.224436745709901,Thompson-Sampling
3,4.532839378945446,Thompson-Sampling
3,2.3540277282544277,Thompson-Sampling
3,3.001239969478234,Thompson-Sampling
3,2.7891420229097053,Thompson-Sampling
3,5.358772502383811,Thompson-Sampling
3,2.5151862684451896,Thompson-Sampling
3,3.7284089463446506,Thompson-Sampling
3,2.2737201158699363,Thompson-Sampling
3,4.973181128828868,Thompson-Sampling
3,4.1592725514534274,Thompson-Sampling
3,4.504945410382824,Thompson-Sampling
3,3.4275959999980397,Thompson-Sampling
3,3.1328320598833974,Thompson-Sampling
3,3.852982240461637,Thompson-Sampling
3,3.9993961966971923,Thompson-Sampling
3,3.1016856418258705,Thompson-Sampling
3,2.9063088041104512,Thompson-Sampling
3,5.232567351255304,Thompson-Sampling
3,4.742852601528418,Thompson-Sampling
3,3.779624227976591,Thompson-Sampling
3,4.182588885198453,Thompson-Sampling
3,4.873174787798059,Thompson-Sampling
3,5.3543102456235,Thompson-Sampling
3,5.177916984330356,Thompson-Sampling
3,3.214426225864939,Thompson-Sampling
3,4.146454230214344,Thompson-Sampling
3,3.2447951181373864,Thompson-Sampling
3,3.527323631835663,Thompson-Sampling
3,5.407427961309872,Thompson-Sampling
3,2.513556954952583,Thompson-Sampling
3,3.045681172779097,Thompson-Sampling
3,4.019217956023682,Thompson-Sampling
3,3.705615846974276,Thompson-Sampling
3,5.710688901371491,Thompson-Sampling
3,3.5321542956393746,Thompson-Sampling
3,2.605842635547553,Thompson-Sampling
3,4.254930810510043,Thompson-Sampling
3,2.1168899411581448,Thompson-Sampling
3,4.065169400765116,Thompson-Sampling
3,4.475061911237038,Thompson-Sampling
3,2.83616861285201,Thompson-Sampling
3,4.883145741011812,Thompson-Sampling
3,3.457671709823754,Thompson-Sampling
3,4.013247268663677,Thompson-Sampling
3,2.290118369442598,Thompson-Sampling
3,3.065832249806619,Thompson-Sampling
3,4.50097575441145,Thompson-Sampling
3,4.240201210481768,Thompson-Sampling
3,2.4441072648132716,Thompson-Sampling
3,3.892308738820557,Thompson-Sampling
3,4.7994942764849,Thompson-Sampling
3,3.299375711094341,Thompson-Sampling
3,2.810456873782488,Thompson-Sampling
3,3.9182198548979073,Thompson-Sampling
3,3.2365587557343742,Thompson-Sampling
3,5.79822260173356,Thompson-Sampling
3,5.3101290236822685,Thompson-Sampling
3,4.618513556599019,Thompson-Sampling
3,3.276953655553445,Thompson-Sampling
3,5.799228619552182,Thompson-Sampling
3,3.401427820874134,Thompson-Sampling
3,4.1128770735547455,Thompson-Sampling
3,2.7092809451962356,Thompson-Sampling
3,4.94583687456368,Thompson-Sampling
3,3.2763477527333915,Thompson-Sampling
3,2.3471495428471876,Thompson-Sampling
3,5.91488327196379,Thompson-Sampling
3,3.379348124600855,Thompson-Sampling
3,5.026916976025413,Thompson-Sampling
3,5.519782671747647,Thompson-Sampling
3,3.340165773410179,Thompson-Sampling
3,2.0384543421551693,Thompson-Sampling
3,2.998040103216779,Thompson-Sampling
3,3.5657966930232563,Thompson-Sampling
3,3.548846728831997,Thompson-Sampling
3,2.9508014005528533,Thompson-Sampling
3,4.46378535084973,Thompson-Sampling
3,6.080995772102227,Thompson-Sampling
3,5.505724136821469,Thompson-Sampling
3,4.041687305517289,Thompson-Sampling
3,3.7277478402559407,Thompson-Sampling
3,5.173016265210002,Thompson-Sampling
3,2.589222661796952,Thompson-Sampling
3,3.9160065710005743,Thompson-Sampling
3,6.37426524094049,Thompson-Sampling
3,4.778160381894738,Thompson-Sampling
3,5.5774347766191,Thompson-Sampling
3,2.2688324422243102,Thompson-Sampling
3,4.075673446411217,Thompson-Sampling
3,4.68379901374091,Thompson-Sampling
3,2.7138984622271343,Thompson-Sampling
3,4.599461725594639,Thompson-Sampling
3,5.356991131046346,Thompson-Sampling
3,4.700854381819438,Thompson-Sampling
3,3.2182642362986504,Thompson-Sampling
3,2.0692536086613726,Thompson-Sampling
3,3.5582006751950597,Thompson-Sampling
3,4.506995466323225,Thompson-Sampling
3,3.122579184092142,Thompson-Sampling
3,3.7491905895525055,Thompson-Sampling
3,4.880299589982305,Thompson-Sampling
3,3.823471111504926,Thompson-Sampling
3,4.794435084564361,Thompson-Sampling
3,3.8100713655311633,Thompson-Sampling
3,4.541988554246883,Thompson-Sampling
3,5.31416912570519,Thompson-Sampling
3,2.767265332235344,Thompson-Sampling
3,4.432788187261542,Thompson-Sampling
3,1.5250396227374123,Thompson-Sampling
3,4.24862874059467,Thompson-Sampling
3,4.9718908600401095,Thompson-Sampling
3,3.336148525781773,Thompson-Sampling
3,4.500317345362191,Thompson-Sampling
3,3.7909317374599754,Thompson-Sampling
3,3.5058126067997235,Thompson-Sampling
3,3.951912473813136,Thompson-Sampling
3,4.143963680211684,Thompson-Sampling
3,4.929231990007743,Thompson-Sampling
3,4.797363091588963,Thompson-Sampling
3,5.634123009025544,Thompson-Sampling
3,2.7319395748013244,Thompson-Sampling
3,2.9166660471042682,Thompson-Sampling
3,4.059128603155842,Thompson-Sampling
3,4.634465058946549,Thompson-Sampling
3,5.226911284635617,Thompson-Sampling
3,4.937439627125604,Thompson-Sampling
3,3.276039353662913,Thompson-Sampling
3,3.3942314181789985,Thompson-Sampling
3,3.524637442994077,Thompson-Sampling
3,3.9345560103718262,Thompson-Sampling
3,4.72655439350028,Thompson-Sampling
3,4.148731692875532,Thompson-Sampling
3,4.747506349617921,Thompson-Sampling
3,4.371804947496375,Thompson-Sampling
3,5.414767459461335,Thompson-Sampling
3,5.437736369176153,Thompson-Sampling
3,4.713371748809515,Thompson-Sampling
3,2.4982587903344684,Thompson-Sampling
3,5.999640122018626,Thompson-Sampling
3,5.90852561854188,Thompson-Sampling
3,4.479267450296872,Thompson-Sampling
3,4.928961146725515,Thompson-Sampling
3,3.7535377549096687,Thompson-Sampling
3,4.182986936568892,Thompson-Sampling
3,1.8061535094161871,Thompson-Sampling
3,2.2933562277882986,Thompson-Sampling
3,3.0951096598944003,Thompson-Sampling
3,5.012668241397681,Thompson-Sampling
3,3.780698156567383,Thompson-Sampling
3,3.03531321121876,Thompson-Sampling
3,5.386759847096552,Thompson-Sampling
3,3.815919412518468,Thompson-Sampling
3,2.503170676943414,Thompson-Sampling
3,3.1585169840701344,Thompson-Sampling
3,3.660272028365793,Thompson-Sampling
3,2.498414275402284,Thompson-Sampling
3,3.312083667835993,Thompson-Sampling
3,2.637286267558335,Thompson-Sampling
3,4.1652233022098,Thompson-Sampling
3,2.7894841645924915,Thompson-Sampling
3,2.1949077493292455,Thompson-Sampling
3,4.763325397725078,Thompson-Sampling
3,3.5205426924866563,Thompson-Sampling
3,4.822156301177547,Thompson-Sampling
3,3.0526958269112843,Thompson-Sampling
3,3.7693883831478416,Thompson-Sampling
3,3.6361717363980004,Thompson-Sampling
3,4.798132044427107,Thompson-Sampling
3,4.802314640172906,Thompson-Sampling
3,2.6044604014290083,Thompson-Sampling
3,3.8033812801293405,Thompson-Sampling
3,3.1766190338678544,Thompson-Sampling
3,4.6592225278777315,Thompson-Sampling
3,5.639272604306383,Thompson-Sampling
3,3.62432036235093,Thompson-Sampling
3,3.4632076364552122,Thompson-Sampling
3,3.732001258515675,Thompson-Sampling
3,3.948690141080964,Thompson-Sampling
3,5.344705788826015,Thompson-Sampling
3,2.2594533477679235,Thompson-Sampling
3,5.38646494447193,Thompson-Sampling
3,2.410591962657457,Thompson-Sampling
3,3.6440234517373447,Thompson-Sampling
3,2.986516042640756,Thompson-Sampling
3,3.354175175368043,Thompson-Sampling
3,4.7143347255562436,Thompson-Sampling
3,5.056295289875009,Thompson-Sampling
3,2.8262420443001424,Thompson-Sampling
3,3.544090145928908,Thompson-Sampling
3,4.780309822399533,Thompson-Sampling
3,2.867078061005322,Thompson-Sampling
3,3.043292117055742,Thompson-Sampling
3,3.809902135163683,Thompson-Sampling
3,2.7024856079920623,Thompson-Sampling
3,3.2222817429610453,Thompson-Sampling
3,5.70072348760651,Thompson-Sampling
3,2.7922929401504257,Thompson-Sampling
3,5.1274070200725985,Thompson-Sampling
3,2.1873544155195495,Thompson-Sampling
3,4.550623277510515,Thompson-Sampling
3,2.9603131514257215,Thompson-Sampling
3,5.4583826507905435,Thompson-Sampling
3,2.831312556960949,Thompson-Sampling
3,4.142496875960474,Thompson-Sampling
3,2.7524119109059604,Thompson-Sampling
3,4.14581253730155,Thompson-Sampling
3,3.308281906064625,Thompson-Sampling
3,3.693410872817169,Thompson-Sampling
3,4.6637615230764835,Thompson-Sampling
3,3.527415130292117,Thompson-Sampling
3,5.103628763134157,Thompson-Sampling
3,4.1067349514735625,Thompson-Sampling
3,2.0201756059244866,Thompson-Sampling
3,5.265021837470149,Thompson-Sampling
3,4.308355529688818,Thompson-Sampling
3,4.354021903832882,Thompson-Sampling
3,1.0148652561147,Thompson-Sampling
3,4.143503274675217,Thompson-Sampling
3,4.203567853780122,Thompson-Sampling
3,6.5371451549841435,Thompson-Sampling
3,2.211536147224149,Thompson-Sampling
3,5.762052408523525,Thompson-Sampling
3,3.9523369473648713,Thompson-Sampling
3,4.429142537627652,Thompson-Sampling
3,2.6671623070798915,Thompson-Sampling
3,3.7363623959450694,Thompson-Sampling
3,1.5821531169277527,Thompson-Sampling
3,4.599324466772214,Thompson-Sampling
3,3.5002959843122263,Thompson-Sampling
3,2.9477593081887363,Thompson-Sampling
3,3.32931831230684,Thompson-Sampling
3,4.942297212228812,Thompson-Sampling
3,4.6331162766497345,Thompson-Sampling
3,5.5730497630266,Thompson-Sampling
3,3.537737343628285,Thompson-Sampling
3,4.695425130131837,Thompson-Sampling
3,4.281981302741115,Thompson-Sampling
3,4.843548609585912,Thompson-Sampling
3,2.9843373456248274,Thompson-Sampling
3,3.8355306819802992,Thompson-Sampling
3,4.013578958091319,Thompson-Sampling
3,3.9687217091132676,Thompson-Sampling
3,3.4832138234924774,Thompson-Sampling
3,2.3604387769059856,Thompson-Sampling
3,4.176550053141682,Thompson-Sampling
3,3.7456936368367484,Thompson-Sampling
3,2.79552655207992,Thompson-Sampling
3,5.209773737527962,Thompson-Sampling
3,4.644317636011361,Thompson-Sampling
3,4.066323371270563,Thompson-Sampling
3,5.061630108516504,Thompson-Sampling
3,3.375779578516038,Thompson-Sampling
3,4.525588679587225,Thompson-Sampling
3,3.5093878783699,Thompson-Sampling
3,4.815760232701311,Thompson-Sampling
3,3.6029731498734163,Thompson-Sampling
3,3.8471083385594627,Thompson-Sampling
3,4.2149896467779335,Thompson-Sampling
3,3.544179743030933,Thompson-Sampling
3,4.465412088532741,Thompson-Sampling
3,3.638966804072911,Thompson-Sampling
3,4.6765995716218125,Thompson-Sampling
3,4.171567590003713,Thompson-Sampling
3,4.0394659481738895,Thompson-Sampling
3,4.799331053295018,Thompson-Sampling
3,5.610344797940724,Thompson-Sampling
3,3.2087630616601253,Thompson-Sampling
3,5.268452694010522,Thompson-Sampling
3,5.313748767401469,Thompson-Sampling
3,5.770822091272303,Thompson-Sampling
3,5.215976489385701,Thompson-Sampling
3,3.4839253406365236,Thompson-Sampling
3,3.9292840099039505,Thompson-Sampling
3,4.480863947787028,Thompson-Sampling
3,2.4806219144678874,Thompson-Sampling
3,4.87820890171656,Thompson-Sampling
3,3.970207210242031,Thompson-Sampling
3,5.480452958390252,Thompson-Sampling
3,4.966334026354163,Thompson-Sampling
3,3.435973532852278,Thompson-Sampling
3,3.300179201534595,Thompson-Sampling
3,4.273001863821506,Thompson-Sampling
3,4.10200621733566,Thompson-Sampling
3,3.686255031050895,Thompson-Sampling
3,3.8056777801387662,Thompson-Sampling
3,1.982239148108969,Thompson-Sampling
3,2.8254319368185414,Thompson-Sampling
3,5.952332133386289,Thompson-Sampling
3,3.904521448629366,Thompson-Sampling
3,5.798221836370315,Thompson-Sampling
3,3.4470714403455625,Thompson-Sampling
3,6.37178804130232,Thompson-Sampling
3,4.269861959542247,Thompson-Sampling
3,4.516883530906913,Thompson-Sampling
3,4.4012932230867445,Thompson-Sampling
3,4.6850658951051924,Thompson-Sampling
3,3.617739041833717,Thompson-Sampling
3,4.436592412641622,Thompson-Sampling
3,4.071185927530691,Thompson-Sampling
3,4.488168150321713,Thompson-Sampling
3,2.657476895732774,Thompson-Sampling
3,4.901588480351735,Thompson-Sampling
3,5.161926309695472,Thompson-Sampling
3,3.8080042964158776,Thompson-Sampling
3,5.800109472267177,Thompson-Sampling
3,2.824186827877912,Thompson-Sampling
3,2.049555868877694,Thompson-Sampling
3,4.461188773732372,Thompson-Sampling
3,5.608660037018228,Thompson-Sampling
3,4.568150455588244,Thompson-Sampling
3,4.196836907981714,Thompson-Sampling
3,4.002463828557302,Thompson-Sampling
3,2.9287364817192927,Thompson-Sampling
3,5.772551190488991,Thompson-Sampling
3,4.53377427887215,Thompson-Sampling
3,2.3450767249666447,Thompson-Sampling
3,3.7217687589026576,Thompson-Sampling
3,3.1881193449485474,Thompson-Sampling
3,4.821120390431987,Thompson-Sampling
3,5.413445024315219,Thompson-Sampling
3,3.1614379701593807,Thompson-Sampling
3,4.129450700926133,Thompson-Sampling
3,4.988679548608231,Thompson-Sampling
3,5.529965593204766,Thompson-Sampling
3,3.9048346469563184,Thompson-Sampling
3,4.7194175226763715,Thompson-Sampling
3,4.68016178067556,Thompson-Sampling
3,3.619933132998553,Thompson-Sampling
3,4.608591341591489,Thompson-Sampling
3,5.975198723869173,Thompson-Sampling
3,5.34114477016534,Thompson-Sampling
3,4.80810301608414,Thompson-Sampling
3,3.8715304175191663,Thompson-Sampling
3,3.915495811205215,Thompson-Sampling
3,2.8005063166578186,Thompson-Sampling
3,2.6519800475670623,Thompson-Sampling
3,3.1635884261018754,Thompson-Sampling
3,3.1977258509328195,Thompson-Sampling
3,3.1640091762518203,Thompson-Sampling
3,4.939929425609962,Thompson-Sampling
3,4.523641215989213,Thompson-Sampling
3,4.606540221639399,Thompson-Sampling
3,3.020476296009382,Thompson-Sampling
3,5.2138973302903,Thompson-Sampling
3,3.6144909418412317,Thompson-Sampling
3,4.225095498735364,Thompson-Sampling
3,2.5127113895704287,Thompson-Sampling
3,3.2031512262234236,Thompson-Sampling
3,4.173914929294125,Thompson-Sampling
3,2.0347013312611537,Thompson-Sampling
3,3.3971163524574486,Thompson-Sampling
3,4.2164769679299665,Thompson-Sampling
3,2.9690022719435043,Thompson-Sampling
3,5.7247493504066504,Thompson-Sampling
3,5.390076312026597,Thompson-Sampling
3,2.977288982730931,Thompson-Sampling
3,1.8036714441737058,Thompson-Sampling
3,4.1506068377351575,Thompson-Sampling
3,4.52238473106331,Thompson-Sampling
3,3.8834620650816296,Thompson-Sampling
3,4.781515235298171,Thompson-Sampling
3,3.7550624086693345,Thompson-Sampling
3,5.698350184542657,Thompson-Sampling
3,3.926094122719387,Thompson-Sampling
3,3.156826536710365,Thompson-Sampling
3,4.433164916917762,Thompson-Sampling
3,4.4877627234424455,Thompson-Sampling
3,3.978954388881349,Thompson-Sampling
3,3.972520465416065,Thompson-Sampling
3,1.7231670405422848,Thompson-Sampling
3,3.7723547614466653,Thompson-Sampling
3,5.1006692394278055,Thompson-Sampling
3,3.733705531576202,Thompson-Sampling
3,3.9793240050525673,Thompson-Sampling
3,3.0631950905683993,Thompson-Sampling
3,5.7341721327865205,Thompson-Sampling
3,3.6918136678322746,Thompson-Sampling
3,3.2111616572433395,Thompson-Sampling
3,3.327357317170068,Thompson-Sampling
3,3.113078139335464,Thompson-Sampling
3,5.0734442343938895,Thompson-Sampling
3,4.47218260772212,Thompson-Sampling
3,3.519942763267678,Thompson-Sampling
3,4.237065420676817,Thompson-Sampling
3,4.104953044646021,Thompson-Sampling
3,2.504273420727953,Thompson-Sampling
3,4.394443803657295,Thompson-Sampling
3,3.7994292526826823,Thompson-Sampling
3,4.091927653699872,Thompson-Sampling
3,2.5828345195881455,Thompson-Sampling
3,3.819793805649804,Thompson-Sampling
3,2.590740054457221,Thompson-Sampling
3,4.928716661860844,Thompson-Sampling
3,3.223041185254454,Thompson-Sampling
3,4.6828320492604565,Thompson-Sampling
3,4.161846641312219,Thompson-Sampling
3,4.305977409315626,Thompson-Sampling
3,3.92705207285339,Thompson-Sampling
3,2.739738665372111,Thompson-Sampling
3,4.026113375296885,Thompson-Sampling
3,5.4727265149747355,Thompson-Sampling
3,3.1568264102593395,Thompson-Sampling
3,4.516636462235891,Thompson-Sampling
3,5.596545605772555,Thompson-Sampling
3,3.060847279697342,Thompson-Sampling
3,3.3988784518137596,Thompson-Sampling
3,3.169701639595489,Thompson-Sampling
3,2.3605699920134424,Thompson-Sampling
3,3.355887612667987,Thompson-Sampling
3,5.438688279337446,Thompson-Sampling
3,3.2351825652679826,Thompson-Sampling
3,4.539831196500881,Thompson-Sampling
3,4.7059336289417235,Thompson-Sampling
3,4.038155561957241,Thompson-Sampling
3,4.6200958482050405,Thompson-Sampling
3,2.8169681552782606,Thompson-Sampling
3,4.117285147560659,Thompson-Sampling
3,3.7683985828589157,Thompson-Sampling
3,2.7591924747948626,Thompson-Sampling
3,5.68393120851646,Thompson-Sampling
3,3.1423113604821786,Thompson-Sampling
3,2.2558355396326597,Thompson-Sampling
3,3.5572611478559244,Thompson-Sampling
3,3.4161576502757867,Thompson-Sampling
3,3.8575598429724502,Thompson-Sampling
3,5.00460691603407,Thompson-Sampling
3,4.600049242278976,Thompson-Sampling
3,2.1485014832030025,Thompson-Sampling
3,3.535393758500757,Thompson-Sampling
3,4.381691797609841,Thompson-Sampling
3,3.1762915178854363,Thompson-Sampling
3,3.924781295418581,Thompson-Sampling
3,5.094087095547828,Thompson-Sampling
3,3.9998423042412243,Thompson-Sampling
3,3.342440254193383,Thompson-Sampling
3,4.925856275005037,Thompson-Sampling
3,3.4058872547221313,Thompson-Sampling
3,4.329495772205571,Thompson-Sampling
3,2.0392861908561697,Thompson-Sampling
3,4.324787315681327,Thompson-Sampling
3,3.123919776354047,Thompson-Sampling
3,3.873976086795679,Thompson-Sampling
3,5.012002469109532,Thompson-Sampling
3,3.8131828056148978,Thompson-Sampling
3,3.938659378132389,Thompson-Sampling
3,3.4790911734757444,Thompson-Sampling
3,2.0640832519828654,Thompson-Sampling
3,3.1824586335540417,Thompson-Sampling
3,3.294665001278638,Thompson-Sampling
3,2.963266928022327,Thompson-Sampling
3,5.222530168397292,Thompson-Sampling
3,4.684563631247313,Thompson-Sampling
3,4.848871623842283,Thompson-Sampling
3,5.159455153124511,Thompson-Sampling
3,3.999270852590269,Thompson-Sampling
3,5.762523420826484,Thompson-Sampling
3,4.8439769768994125,Thompson-Sampling
3,2.928513621987002,Thompson-Sampling
3,5.672281108975354,Thompson-Sampling
3,4.351385649702176,Thompson-Sampling
3,5.357517970674573,Thompson-Sampling
3,3.8919318547792177,Thompson-Sampling
3,3.6362303511221343,Thompson-Sampling
3,4.131127611936915,Thompson-Sampling
3,1.813120182472705,Thompson-Sampling
3,4.469563212492171,Thompson-Sampling
3,5.9884092850859165,Thompson-Sampling
3,4.272037650982091,Thompson-Sampling
3,2.847160531354905,Thompson-Sampling
3,2.73850878266137,Thompson-Sampling
3,2.9422553904023934,Thompson-Sampling
3,3.9980529427531994,Thompson-Sampling
3,4.385933740277518,Thompson-Sampling
3,3.588661985276141,Thompson-Sampling
3,5.088832477278165,Thompson-Sampling
3,6.184597133608651,Thompson-Sampling
3,4.674694983931208,Thompson-Sampling
3,2.7828788526069035,Thompson-Sampling
3,4.9197976588462184,Thompson-Sampling
3,4.407387127119817,Thompson-Sampling
3,4.255970220096284,Thompson-Sampling
3,5.332238351830648,Thompson-Sampling
3,3.372458638842697,Thompson-Sampling
3,3.892778481831191,Thompson-Sampling
3,3.7383651645382936,Thompson-Sampling
3,3.3456480602400136,Thompson-Sampling
3,4.751282432372385,Thompson-Sampling
3,4.411250946424159,Thompson-Sampling
3,5.463685924217854,Thompson-Sampling
3,3.4079136945798174,Thompson-Sampling
3,4.985617219346565,Thompson-Sampling
3,3.3723767789429533,Thompson-Sampling
3,4.734151123730158,Thompson-Sampling
3,4.993453013582504,Thompson-Sampling
3,2.927722515418295,Thompson-Sampling
3,4.272102790501698,Thompson-Sampling
3,4.449447065509495,Thompson-Sampling
3,4.015481809343243,Thompson-Sampling
3,4.766479926624744,Thompson-Sampling
3,3.2019157351814265,Thompson-Sampling
3,4.309148428461604,Thompson-Sampling
3,3.558146095878787,Thompson-Sampling
3,4.617046547994937,Thompson-Sampling
3,4.2948497549347175,Thompson-Sampling
3,6.670247563403552,Thompson-Sampling
3,2.5275292750820633,Thompson-Sampling
3,3.4813049195470565,Thompson-Sampling
3,3.645424102839878,Thompson-Sampling
3,4.485687904038735,Thompson-Sampling
3,6.928689365988703,Thompson-Sampling
3,2.304138279598248,Thompson-Sampling
3,4.912571426843941,Thompson-Sampling
3,2.7543921682729486,Thompson-Sampling
3,3.4313308399887954,Thompson-Sampling
3,4.14898122866342,Thompson-Sampling
3,4.276978514040316,Thompson-Sampling
3,4.440807870185663,Thompson-Sampling
3,4.611890067283987,Thompson-Sampling
3,3.2767386707452064,Thompson-Sampling
3,3.773119084324979,Thompson-Sampling
3,5.431188898865559,Thompson-Sampling
3,4.105988589049739,Thompson-Sampling
3,2.3685821646630485,Thompson-Sampling
3,4.348241914536309,Thompson-Sampling
3,5.197835509231221,Thompson-Sampling
3,4.7894093499666806,Thompson-Sampling
3,3.1427068331457084,Thompson-Sampling
3,3.8470308317393416,Thompson-Sampling
3,3.4360914983184525,Thompson-Sampling
3,4.634455084527166,Thompson-Sampling
3,4.426652278107955,Thompson-Sampling
3,3.431868613371616,Thompson-Sampling
3,5.122137736960714,Thompson-Sampling
3,4.046117631160865,Thompson-Sampling
3,4.213720011137209,Thompson-Sampling
3,3.9240593943765414,Thompson-Sampling
3,3.265094342579337,Thompson-Sampling
3,3.8001702870350655,Thompson-Sampling
3,4.298823258973167,Thompson-Sampling
3,2.4912065147085425,Thompson-Sampling
3,4.061338652270609,Thompson-Sampling
3,3.4547646051919862,Thompson-Sampling
3,4.006204995751009,Thompson-Sampling
3,4.518090277633965,Thompson-Sampling
3,5.153794258191041,Thompson-Sampling
3,5.639971242743913,Thompson-Sampling
3,3.9152741608599593,Thompson-Sampling
3,2.642375401811841,Thompson-Sampling
3,5.036572404081841,Thompson-Sampling
3,5.171875979431435,Thompson-Sampling
3,4.679558104909152,Thompson-Sampling
3,4.14325421799336,Thompson-Sampling
3,3.4155139867768063,Thompson-Sampling
3,3.889029469728686,Thompson-Sampling
3,4.386336849615408,Thompson-Sampling
3,2.8932344388957296,Thompson-Sampling
3,5.374062283629052,Thompson-Sampling
3,3.4016604755933573,Thompson-Sampling
3,3.442936885488135,Thompson-Sampling
3,4.085767766124177,Thompson-Sampling
3,4.563066874074758,Thompson-Sampling
3,2.2701215796256697,Thompson-Sampling
3,3.2191936018008773,Thompson-Sampling
3,4.337622885585708,Thompson-Sampling
3,4.187738717934998,Thompson-Sampling
3,3.2240811277534345,Thompson-Sampling
3,4.38141785931159,Thompson-Sampling
3,2.450400235436045,Thompson-Sampling
3,4.8322831209508985,Thompson-Sampling
3,4.254644942296511,Thompson-Sampling
3,5.157464654288383,Thompson-Sampling
3,4.149206541024799,Thompson-Sampling
3,3.2135319302031897,Thompson-Sampling
3,4.114727742740213,Thompson-Sampling
3,2.739011799278943,Thompson-Sampling
3,4.467526297438163,Thompson-Sampling
3,4.211821334933594,Thompson-Sampling
3,5.289734752275865,Thompson-Sampling
3,3.9008715336968134,Thompson-Sampling
3,5.099563420821351,Thompson-Sampling
3,3.6223726455474297,Thompson-Sampling
3,5.368112204394904,Thompson-Sampling
3,2.6437699139536344,Thompson-Sampling
3,2.3958904522536772,Thompson-Sampling
3,5.203320473772768,Thompson-Sampling
3,3.192989708218224,Thompson-Sampling
3,4.956851935915603,Thompson-Sampling
3,4.3899505712071,Thompson-Sampling
3,5.307522581665025,Thompson-Sampling
3,3.525987644082801,Thompson-Sampling
3,3.733591965730533,Thompson-Sampling
3,3.491690824348728,Thompson-Sampling
3,2.0301848629848567,Thompson-Sampling
3,4.175834962398774,Thompson-Sampling
3,4.306959551802058,Thompson-Sampling
3,5.0262251119398496,Thompson-Sampling
3,3.418646219934179,Thompson-Sampling
3,5.242534081295304,Thompson-Sampling
3,3.2175253937672044,Thompson-Sampling
3,4.898252163534518,Thompson-Sampling
3,3.260226899672766,Thompson-Sampling
3,4.279835481529493,Thompson-Sampling
3,4.004022969550369,Thompson-Sampling
3,4.991580568450229,Thompson-Sampling
3,3.248527052926808,Thompson-Sampling
3,3.273103968797888,Thompson-Sampling
3,3.8186499218967946,Thompson-Sampling
3,3.3151932410990415,Thompson-Sampling
3,3.2713056382130263,Thompson-Sampling
3,5.771073434990912,Thompson-Sampling
3,4.333421188091514,Thompson-Sampling
3,1.922225443714082,Thompson-Sampling
3,2.8979229587828503,Thompson-Sampling
3,4.6233053593558395,Thompson-Sampling
3,4.197163866494696,Thompson-Sampling
3,3.360279811644376,Thompson-Sampling
3,4.556535048416396,Thompson-Sampling
3,4.990097555457132,Thompson-Sampling
3,4.343304151853562,Thompson-Sampling
3,3.008988284017395,Thompson-Sampling
3,4.775505139461627,Thompson-Sampling
3,4.484430117036519,Thompson-Sampling
3,3.9194231648893303,Thompson-Sampling
3,3.4752866886477136,Thompson-Sampling
3,3.330338275639667,Thompson-Sampling
3,5.381617293870756,Thompson-Sampling
3,4.579495301978534,Thompson-Sampling
3,3.327509151383466,Thompson-Sampling
3,2.3180872528522407,Thompson-Sampling
3,3.6945623868572786,Thompson-Sampling
3,4.828623820291584,Thompson-Sampling
3,3.2894331678484727,Thompson-Sampling
3,3.956306738973255,Thompson-Sampling
3,2.8742748144824573,Thompson-Sampling
3,4.057873999902616,Thompson-Sampling
3,3.9787289014189753,Thompson-Sampling
3,4.279885881436795,Thompson-Sampling
3,5.280921025257936,Thompson-Sampling
3,5.483208083714354,Thompson-Sampling
3,3.139053858679114,Thompson-Sampling
3,6.17504105083458,Thompson-Sampling
3,4.019080260878138,Thompson-Sampling
3,4.030065522803462,Thompson-Sampling
3,4.483567827242003,Thompson-Sampling
3,4.480291235605829,Thompson-Sampling
3,2.9181835689383795,Thompson-Sampling
3,4.5979322215582155,Thompson-Sampling
3,4.072328113125579,Thompson-Sampling
3,2.537697433899135,Thompson-Sampling
3,3.372436422125509,Thompson-Sampling
3,3.350277593295502,Thompson-Sampling
3,2.8953811670817835,Thompson-Sampling
3,6.5900641079201545,Thompson-Sampling
3,5.426899981995279,Thompson-Sampling
3,3.6836644790867257,Thompson-Sampling
3,3.771844977288395,Thompson-Sampling
3,6.702129065964026,Thompson-Sampling
3,4.773315618300978,Thompson-Sampling
3,2.644938173513691,Thompson-Sampling
3,1.8900878026732975,Thompson-Sampling
3,4.061882560098766,Thompson-Sampling
3,5.046831052455155,Thompson-Sampling
3,3.4866672387721196,Thompson-Sampling
3,4.513802936375992,Thompson-Sampling
3,3.2226398242394323,Thompson-Sampling
3,3.5888499647819776,Thompson-Sampling
3,3.5364232520938796,Thompson-Sampling
3,3.2405562270667616,Thompson-Sampling
3,4.5938173990305815,Thompson-Sampling
3,4.0164274337373005,Thompson-Sampling
3,4.858701159698923,Thompson-Sampling
3,4.395200897622312,Thompson-Sampling
3,3.1539247678006586,Thompson-Sampling
3,4.8081717339728005,Thompson-Sampling
3,3.3527807271842165,Thompson-Sampling
3,4.491669027822945,Thompson-Sampling
3,5.073866702560688,Thompson-Sampling
3,4.0171670187241455,Thompson-Sampling
3,2.782931227901808,Thompson-Sampling
3,4.183915062790214,Thompson-Sampling
3,4.184175225986595,Thompson-Sampling
3,3.3632233256969206,Thompson-Sampling
3,3.3773782260627776,Thompson-Sampling
3,4.380133846536925,Thompson-Sampling
3,3.569333888407224,Thompson-Sampling
3,5.575159963668782,Thompson-Sampling
3,4.527118831343433,Thompson-Sampling
3,3.4465273388411095,Thompson-Sampling
3,2.9426732233565724,Thompson-Sampling
3,3.5922035846180203,Thompson-Sampling
3,5.562984354992951,Thompson-Sampling
3,4.864548896103378,Thompson-Sampling
3,4.747200895206639,Thompson-Sampling
3,5.814444906617004,Thompson-Sampling
3,5.196000098174736,Thompson-Sampling
3,4.60901490891577,Thompson-Sampling
3,4.061429512264438,Thompson-Sampling
3,4.831495724066013,Thompson-Sampling
3,4.917140204826261,Thompson-Sampling
3,4.684980805381481,Thompson-Sampling
3,3.4765033204610036,Thompson-Sampling
3,4.130259751793814,Thompson-Sampling
3,4.590989232450899,Thompson-Sampling
3,4.528323680771486,Thompson-Sampling
3,5.177566786734324,Thompson-Sampling
3,2.4730521274755946,Thompson-Sampling
3,3.749619218052596,Thompson-Sampling
3,4.021043204549137,Thompson-Sampling
3,5.002662179395326,Thompson-Sampling
3,4.157411001558568,Thompson-Sampling
3,4.447821667761194,Thompson-Sampling
3,3.1774945029564545,Thompson-Sampling
3,4.339625996915554,Thompson-Sampling
3,5.313537744697574,Thompson-Sampling
3,4.587811815119883,Thompson-Sampling
3,3.798180011422503,Thompson-Sampling
3,3.5533707281453584,Thompson-Sampling
3,3.688949367020625,Thompson-Sampling
3,2.409014798150797,Thompson-Sampling
3,3.2457627273535,Thompson-Sampling
3,3.6478523675479595,Thompson-Sampling
3,4.856187181792306,Thompson-Sampling
3,4.375210311251668,Thompson-Sampling
3,5.541065346271453,Thompson-Sampling
3,4.831760047269636,Thompson-Sampling
3,5.3535954870421385,Thompson-Sampling
3,4.5679201280359525,Thompson-Sampling
3,3.644702007821841,Thompson-Sampling
3,4.657276860402301,Thompson-Sampling
3,5.390624558943086,Thompson-Sampling
3,3.6745862149401134,Thompson-Sampling
3,4.821021841574451,Thompson-Sampling
3,4.597184869165621,Thompson-Sampling
3,4.431340789834922,Thompson-Sampling
3,3.4579704459959153,Thompson-Sampling
3,3.9440868827330284,Thompson-Sampling
3,3.17399211484616,Thompson-Sampling
3,3.142588230505736,Thompson-Sampling
3,2.5978322660619932,Thompson-Sampling
3,3.539634647740336,Thompson-Sampling
3,5.263887145819012,Thompson-Sampling
3,3.914210536949346,Thompson-Sampling
3,6.745620274720149,Thompson-Sampling
3,3.2071200586359057,Thompson-Sampling
3,5.775904074308799,Thompson-Sampling
3,4.131123577420303,Thompson-Sampling
3,2.54891317752773,Thompson-Sampling
3,2.8040683432219717,Thompson-Sampling
3,4.904097862304508,Thompson-Sampling
3,2.9512926478695976,Thompson-Sampling
3,4.959196342534894,Thompson-Sampling
3,4.3528100312185085,Thompson-Sampling
3,3.9870937353499887,Thompson-Sampling
3,4.310857686074232,Thompson-Sampling
3,4.186653270010408,Thompson-Sampling
3,4.079438036717336,Thompson-Sampling
3,3.12226868156555,Thompson-Sampling
3,4.0276713705463285,Thompson-Sampling
3,4.554410574794409,Thompson-Sampling
3,2.961129048376887,Thompson-Sampling
3,3.647788860514189,Thompson-Sampling
3,4.435151382708339,Thompson-Sampling
3,2.764053194111641,Thompson-Sampling
3,2.7756956838967026,Thompson-Sampling
3,4.939111492138952,Thompson-Sampling
3,4.439166531756964,Thompson-Sampling
3,5.282528543025055,Thompson-Sampling
3,1.8692622109461232,Thompson-Sampling
3,4.363656881401858,Thompson-Sampling
3,4.222950828545855,Thompson-Sampling
3,4.392751981787257,Thompson-Sampling
3,4.735767385597573,Thompson-Sampling
3,3.705088607973211,Thompson-Sampling
3,3.6258012872757654,Thompson-Sampling
3,4.302492470916212,Thompson-Sampling
3,4.841968717339239,Thompson-Sampling
3,2.363599474645869,Thompson-Sampling
3,3.558060192621924,Thompson-Sampling
3,5.162536161583932,Thompson-Sampling
3,5.630569157554317,Thompson-Sampling
3,3.414481886056485,Thompson-Sampling
3,4.435935144730625,Thompson-Sampling
3,2.2648429241424832,Thompson-Sampling
3,2.307652358194657,Thompson-Sampling
3,4.324724787582591,Thompson-Sampling
3,3.412282166330216,Thompson-Sampling
3,3.3122627438749705,Thompson-Sampling
3,4.0392357761846345,Thompson-Sampling
3,3.2775448764732618,Thompson-Sampling
3,4.133753884006964,Thompson-Sampling
3,3.6751141134821994,Thompson-Sampling
3,5.027801618958231,Thompson-Sampling
3,4.845107505248191,Thompson-Sampling
3,2.54143256536562,Thompson-Sampling
3,3.168706574811736,Thompson-Sampling
3,3.8673313643301745,Thompson-Sampling
3,2.6626963019627174,Thompson-Sampling
3,2.304461352519529,Thompson-Sampling
3,4.478330493892378,Thompson-Sampling
3,2.2828155002627035,Thompson-Sampling
3,4.7749506561471655,Thompson-Sampling
3,4.774845776458586,Thompson-Sampling
3,4.825527260084977,Thompson-Sampling
3,4.392368185178155,Thompson-Sampling
3,3.163258488226419,Thompson-Sampling
3,4.410733029952239,Thompson-Sampling
3,3.2461125233944426,Thompson-Sampling
3,3.0022621061710226,Thompson-Sampling
3,4.088914527110431,Thompson-Sampling
3,3.941733305119537,Thompson-Sampling
3,3.3706496596280346,Thompson-Sampling
3,4.413842260133395,Thompson-Sampling
3,4.148536218737451,Thompson-Sampling
3,4.266200175272784,Thompson-Sampling
3,4.178365319903914,Thompson-Sampling
3,3.595140500212117,Thompson-Sampling
3,3.760820600583679,Thompson-Sampling
3,3.4998814601901245,Thompson-Sampling
3,4.7008760383902075,Thompson-Sampling
3,3.913532944208052,Thompson-Sampling
3,3.670991781890485,Thompson-Sampling
3,5.511757274453853,Thompson-Sampling
3,4.502977935617169,Thompson-Sampling
3,4.187843431659571,Thompson-Sampling
3,5.045133822157309,Thompson-Sampling
3,3.7989507067127923,Thompson-Sampling
3,3.7594648932445702,Thompson-Sampling
3,4.723540243323623,Thompson-Sampling
3,4.325423926657212,Thompson-Sampling
3,4.058382345566502,Thompson-Sampling
3,5.058874879917482,Thompson-Sampling
3,3.413576379275622,Thompson-Sampling
3,3.8110486271920063,Thompson-Sampling
3,4.374364459708206,Thompson-Sampling
3,4.999680073533843,Thompson-Sampling
3,3.7611155656242525,Thompson-Sampling
3,2.56945514174551,Thompson-Sampling
3,3.9375101697632493,Thompson-Sampling
3,3.3476347728443905,Thompson-Sampling
3,3.9764242208874268,Thompson-Sampling
3,5.044881325249273,Thompson-Sampling
3,4.22723376213272,Thompson-Sampling
3,3.0019962666436966,Thompson-Sampling
3,3.124063180302911,Thompson-Sampling
3,2.0760212372471507,Thompson-Sampling
3,4.602875148864597,Thompson-Sampling
3,4.144052574005765,Thompson-Sampling
3,3.117268552884503,Thompson-Sampling
3,5.248604778188441,Thompson-Sampling
3,3.771841851143674,Thompson-Sampling
3,4.700696508633538,Thompson-Sampling
3,4.768730262179807,Thompson-Sampling
3,2.0828896756388806,Thompson-Sampling
3,2.9883616973799585,Thompson-Sampling
3,4.566183637849867,Thompson-Sampling
3,5.116243982505333,Thompson-Sampling
3,4.0368609302033525,Thompson-Sampling
3,4.522261077211404,Thompson-Sampling
3,5.035054802754317,Thompson-Sampling
3,3.805437100492527,Thompson-Sampling
3,4.946882569905409,Thompson-Sampling
3,3.0930871586944577,Thompson-Sampling
3,5.255958188337094,Thompson-Sampling
3,4.391933055331646,Thompson-Sampling
3,4.00451614517164,Thompson-Sampling
3,2.9485934179768627,Thompson-Sampling
3,3.657334789027055,Thompson-Sampling
3,4.284855546530463,Thompson-Sampling
3,3.8538738751289325,Thompson-Sampling
3,3.213773695734551,Thompson-Sampling
3,2.221970568465145,Thompson-Sampling
3,3.2708640900971884,Thompson-Sampling
3,4.5500507222747295,Thompson-Sampling
3,3.736014123018743,Thompson-Sampling
3,4.628674588023552,Thompson-Sampling
3,3.9077547641602535,Thompson-Sampling
3,1.8575174968481512,Thompson-Sampling
3,3.8283235724779687,Thompson-Sampling
3,3.0862814395568074,Thompson-Sampling
3,2.232694628607368,Thompson-Sampling
3,3.56103045505564,Thompson-Sampling
3,4.96577781911365,Thompson-Sampling
3,3.139908491285547,Thompson-Sampling
3,4.566128191997971,Thompson-Sampling
3,3.2622705367376783,Thompson-Sampling
3,2.84381515506524,Thompson-Sampling
3,5.010789558526047,Thompson-Sampling
3,4.074765356254168,Thompson-Sampling
3,4.158364044538357,Thompson-Sampling
3,4.696678237020803,Thompson-Sampling
3,4.308247724270889,Thompson-Sampling
3,3.9991729830750247,Thompson-Sampling
3,5.446022919548015,Thompson-Sampling
3,4.646845678461769,Thompson-Sampling
3,5.931757437807775,Thompson-Sampling
3,4.451559740185719,Thompson-Sampling
3,4.1183147815876096,Thompson-Sampling
3,5.42259160815639,Thompson-Sampling
3,3.5238410867756746,Thompson-Sampling
3,4.384837613027188,Thompson-Sampling
3,4.9755973286409265,Thompson-Sampling
3,5.953311307676165,Thompson-Sampling
3,4.476509666744458,Thompson-Sampling
3,2.78823658792208,Thompson-Sampling
3,3.9334929516133195,Thompson-Sampling
3,4.121873276056723,Thompson-Sampling
3,3.1424287008064318,Thompson-Sampling
3,4.83030168961865,Thompson-Sampling
3,4.019394524673773,Thompson-Sampling
3,6.406458591234691,Thompson-Sampling
3,6.186202831477464,Thompson-Sampling
3,4.25386021202544,Thompson-Sampling
3,1.878793680154347,Thompson-Sampling
3,3.833444558271061,Thompson-Sampling
3,3.4181895692684487,Thompson-Sampling
3,3.493386043785551,Thompson-Sampling
3,2.8617167549540325,Thompson-Sampling
3,3.04987062556162,Thompson-Sampling
3,5.372206949315983,Thompson-Sampling
3,2.7123660043448217,Thompson-Sampling
3,5.111060847974995,Thompson-Sampling
3,3.6759824882975427,Thompson-Sampling
3,3.861909555657357,Thompson-Sampling
3,3.5222145343244584,Thompson-Sampling
3,3.2720420614326224,Thompson-Sampling
3,3.6938650548762304,Thompson-Sampling
3,4.205414116369183,Thompson-Sampling
3,3.5621328739021485,Thompson-Sampling
3,3.7185493406898305,Thompson-Sampling
3,5.596673590555409,Thompson-Sampling
3,3.828082674688681,Thompson-Sampling
3,4.316662816674845,Thompson-Sampling
3,1.1575165656641953,Thompson-Sampling
3,3.9945841131064572,Thompson-Sampling
3,4.125625625590905,Thompson-Sampling
3,5.246561896756745,Thompson-Sampling
3,4.545233245816275,Thompson-Sampling
3,5.314175608403433,Thompson-Sampling
3,3.338839135942361,Thompson-Sampling
3,2.842207101388789,Thompson-Sampling
3,4.328995492936954,Thompson-Sampling
3,2.546134206372076,Thompson-Sampling
3,5.224238511477639,Thompson-Sampling
3,4.353585664310546,Thompson-Sampling
3,4.362176041750852,Thompson-Sampling
3,4.091878054095621,Thompson-Sampling
3,4.0247701062024115,Thompson-Sampling
3,3.0271255700622044,Thompson-Sampling
3,4.96205028380919,Thompson-Sampling
3,3.4814304039860104,Thompson-Sampling
3,3.8439671408804417,Thompson-Sampling
3,3.2492412482957613,Thompson-Sampling
3,4.459844509368053,Thompson-Sampling
3,3.0671583786258854,Thompson-Sampling
3,3.5026267063040635,Thompson-Sampling
3,4.384811396485418,Thompson-Sampling
3,4.448065863939589,Thompson-Sampling
3,3.5411511416484647,Thompson-Sampling
3,4.655046872218507,Thompson-Sampling
3,5.023594483055719,Thompson-Sampling
3,4.253905825134662,Thompson-Sampling
3,3.183491166705948,Thompson-Sampling
3,3.1258006804329845,Thompson-Sampling
3,2.2901500673430055,Thompson-Sampling
3,4.616159326017563,Thompson-Sampling
3,3.1874749971079535,Thompson-Sampling
3,2.940786695672709,Thompson-Sampling
3,2.4274050408550556,Thompson-Sampling
3,4.043299010850767,Thompson-Sampling
3,3.4454404462234867,Thompson-Sampling
3,3.577034647901577,Thompson-Sampling
3,4.441563985623043,Thompson-Sampling
3,4.641761613159803,Thompson-Sampling
3,4.47495793894856,Thompson-Sampling
3,4.855922327047198,Thompson-Sampling
3,5.523515992931969,Thompson-Sampling
3,3.3115675293697824,Thompson-Sampling
3,4.586034175552932,Thompson-Sampling
3,3.8801304432201364,Thompson-Sampling
3,3.844404287803023,Thompson-Sampling
3,4.858095210190635,Thompson-Sampling
3,3.1720700658538252,Thompson-Sampling
3,5.27352297867472,Thompson-Sampling
3,4.462216986989618,Thompson-Sampling
3,3.8574336585170723,Thompson-Sampling
3,4.332356942679511,Thompson-Sampling
3,3.1881465289146127,Thompson-Sampling
3,3.5322399674562366,Thompson-Sampling
3,3.215197550730916,Thompson-Sampling
3,3.4824638654741817,Thompson-Sampling
3,3.705402726776339,Thompson-Sampling
3,5.648950007021594,Thompson-Sampling
3,2.951202924557249,Thompson-Sampling
3,4.20595963311598,Thompson-Sampling
3,4.474577931098622,Thompson-Sampling
3,2.794157423375532,Thompson-Sampling
3,4.792365207888865,Thompson-Sampling
3,3.6279285661244467,Thompson-Sampling
3,4.538692276902653,Thompson-Sampling
3,4.414451420757704,Thompson-Sampling
3,5.924965978136898,Thompson-Sampling
3,5.099000542800923,Thompson-Sampling
3,4.003370373972997,Thompson-Sampling
3,4.727187016056303,Thompson-Sampling
3,3.563084251454281,Thompson-Sampling
3,5.066040021393863,Thompson-Sampling
3,3.8946197053387372,Thompson-Sampling
3,3.9448670887122126,Thompson-Sampling
3,4.027304918390327,Thompson-Sampling
3,2.5044154099776197,Thompson-Sampling
3,3.861697386668935,Thompson-Sampling
3,4.419714430018072,Thompson-Sampling
3,5.300563300097711,Thompson-Sampling
3,4.489582024237246,Thompson-Sampling
3,4.048539412179088,Thompson-Sampling
3,4.728939057448544,Thompson-Sampling
3,4.967558597065596,Thompson-Sampling
3,4.504140385966869,Thompson-Sampling
3,3.7422188756290433,Thompson-Sampling
3,3.0664147453260697,Thompson-Sampling
3,2.1051256886654217,Thompson-Sampling
3,4.331945911707135,Thompson-Sampling
3,3.7707506736344705,Thompson-Sampling
3,2.5899882083454395,Thompson-Sampling
3,1.614220178311029,Thompson-Sampling
3,3.9021513946659496,Thompson-Sampling
3,2.2279552028799277,Thompson-Sampling
3,3.3762533547993843,Thompson-Sampling
3,1.5759229609140584,Thompson-Sampling
3,3.481456877508375,Thompson-Sampling
3,2.4288210686449543,Thompson-Sampling
3,3.8273491841417036,Thompson-Sampling
3,5.675758112196217,Thompson-Sampling
3,3.6974652851285117,Thompson-Sampling
3,4.75558173826952,Thompson-Sampling
3,4.4967241194001035,Thompson-Sampling
3,4.368315316396122,Thompson-Sampling
3,3.3706946900735746,Thompson-Sampling
3,4.846782104934695,Thompson-Sampling
3,4.987970551222036,Thompson-Sampling
3,5.166814981514553,Thompson-Sampling
3,4.826962516310388,Thompson-Sampling
3,3.357818314010737,Thompson-Sampling
3,3.0069629043653943,Thompson-Sampling
3,3.694078952976185,Thompson-Sampling
3,3.036361617623175,Thompson-Sampling
3,6.303885945871175,Thompson-Sampling
3,4.500589721918202,Thompson-Sampling
3,3.2518963614512337,Thompson-Sampling
3,2.9148493064380756,Thompson-Sampling
3,3.4653563240042913,Thompson-Sampling
3,4.071526886092615,Thompson-Sampling
3,4.26424240824326,Thompson-Sampling
3,3.7010991721459794,Thompson-Sampling
3,3.808488221158066,Thompson-Sampling
3,5.8336175681506335,Thompson-Sampling
3,3.9396104152671296,Thompson-Sampling
3,3.1080558078343516,Thompson-Sampling
3,3.9665793151560638,Thompson-Sampling
3,3.9874147366060764,Thompson-Sampling
3,3.872354822480404,Thompson-Sampling
3,3.8149175662072436,Thompson-Sampling
3,4.023086030048187,Thompson-Sampling
3,3.8347813703124682,Thompson-Sampling
3,4.382106759922115,Thompson-Sampling
3,3.9478267746191054,Thompson-Sampling
3,2.613546445598118,Thompson-Sampling
3,2.5005986106267057,Thompson-Sampling
3,4.712881663490779,Thompson-Sampling
3,3.5017880130386745,Thompson-Sampling
3,3.479016790696283,Thompson-Sampling
3,5.335684291927133,Thompson-Sampling
3,6.5697852167128605,Thompson-Sampling
3,3.847892835771277,Thompson-Sampling
3,4.107685818096592,Thompson-Sampling
3,2.7427694617225544,Thompson-Sampling
3,4.570870178949471,Thompson-Sampling
3,3.684516656203191,Thompson-Sampling
3,4.346490217539954,Thompson-Sampling
3,1.5479512370294866,Thompson-Sampling
3,4.0005850621858325,Thompson-Sampling
3,4.436022117496881,Thompson-Sampling
3,4.0360537400441165,Thompson-Sampling
3,3.093840165913982,Thompson-Sampling
3,4.807696269161204,Thompson-Sampling
3,3.9842799013951087,Thompson-Sampling
3,4.796822516946752,Thompson-Sampling
3,3.3904602951817218,Thompson-Sampling
3,4.194144595063444,Thompson-Sampling
3,4.037457298994874,Thompson-Sampling
3,4.611952003211087,Thompson-Sampling
3,4.1304971283018075,Thompson-Sampling
3,3.2654946553227537,Thompson-Sampling
3,5.361100679484484,Thompson-Sampling
3,5.684063011115117,Thompson-Sampling
3,1.8960293199760256,Thompson-Sampling
3,2.3471397383684964,Thompson-Sampling
3,4.475065566922679,Thompson-Sampling
3,5.935725742511282,Thompson-Sampling
3,2.9696838964391237,Thompson-Sampling
3,4.757624765054111,Thompson-Sampling
3,3.8791373072701933,Thompson-Sampling
3,3.5908080888628704,Thompson-Sampling
3,3.2842974393037254,Thompson-Sampling
3,5.684490654532923,Thompson-Sampling
3,4.024721267957882,Thompson-Sampling
3,5.17125176407172,Thompson-Sampling
3,3.1335402357257194,Thompson-Sampling
3,3.4392341648545894,Thompson-Sampling
3,3.233425860955915,Thompson-Sampling
3,5.28984756121517,Thompson-Sampling
3,2.8545954645757323,Thompson-Sampling
3,3.4560900916871145,Thompson-Sampling
3,3.936017249955716,Thompson-Sampling
3,4.298043880287731,Thompson-Sampling
3,3.5615067916825547,Thompson-Sampling
3,3.400387766149293,Thompson-Sampling
3,3.6987607647641365,Thompson-Sampling
3,3.412286496381211,Thompson-Sampling
3,3.5210546558751274,Thompson-Sampling
3,2.3770040238510095,Thompson-Sampling
3,4.717462082195181,Thompson-Sampling
3,5.412328444016698,Thompson-Sampling
3,5.332995128401594,Thompson-Sampling
3,3.4258440369351426,Thompson-Sampling
3,3.810736726325365,Thompson-Sampling
3,4.08899843096913,Thompson-Sampling
3,5.764724684937421,Thompson-Sampling
3,2.926359831826953,Thompson-Sampling
3,1.8197963116992937,Thompson-Sampling
3,2.7622185955158196,Thompson-Sampling
3,5.810084191640581,Thompson-Sampling
3,5.430851756346359,Thompson-Sampling
3,4.390499292209798,Thompson-Sampling
3,3.891436769899081,Thompson-Sampling
3,3.6817032104727847,Thompson-Sampling
3,3.7882199692235465,Thompson-Sampling
3,1.9772398193854683,Thompson-Sampling
3,4.52423368798854,Thompson-Sampling
3,3.910093502200698,Thompson-Sampling
3,2.954498605835835,Thompson-Sampling
3,3.019788360941899,Thompson-Sampling
3,3.8638946378489596,Thompson-Sampling
3,4.819194661630097,Thompson-Sampling
3,3.596075020383271,Thompson-Sampling
3,3.662151036657709,Thompson-Sampling
3,4.5878728815064855,Thompson-Sampling
3,3.1267589218090195,Thompson-Sampling
3,4.129384152421208,Thompson-Sampling
3,3.3799498861700497,Thompson-Sampling
3,4.312116610396806,Thompson-Sampling
3,3.28861101295444,Thompson-Sampling
3,3.02769262070703,Thompson-Sampling
3,3.3107563839801175,Thompson-Sampling
3,4.714159604694505,Thompson-Sampling
3,4.451879196637492,Thompson-Sampling
3,4.20730825225121,Thompson-Sampling
3,3.865147468061052,Thompson-Sampling
3,4.133118774999736,Thompson-Sampling
3,3.243746709478332,Thompson-Sampling
3,3.7771861470793158,Thompson-Sampling
3,4.662844763543585,Thompson-Sampling
3,4.155150230361738,Thompson-Sampling
3,4.871892007645846,Thompson-Sampling
3,4.530678976046223,Thompson-Sampling
3,2.1140145330014395,Thompson-Sampling
3,3.836705388856474,Thompson-Sampling
3,3.938534947967472,Thompson-Sampling
3,5.193221143382628,Thompson-Sampling
3,3.3698634853526777,Thompson-Sampling
3,2.879089362288545,Thompson-Sampling
3,2.890036951830375,Thompson-Sampling
3,4.056494529815064,Thompson-Sampling
3,3.6106524498417008,Thompson-Sampling
3,5.428591457537318,Thompson-Sampling
3,4.502594894440293,Thompson-Sampling
3,3.614921403537958,Thompson-Sampling
3,4.797042070065945,Thompson-Sampling
3,3.4506717544314895,Thompson-Sampling
3,4.266775748142203,Thompson-Sampling
3,4.370544774125756,Thompson-Sampling
3,5.8612649354398325,Thompson-Sampling
3,4.213593580692148,Thompson-Sampling
3,4.971326441656508,Thompson-Sampling
3,3.044642816346444,Thompson-Sampling
3,5.7775171444137445,Thompson-Sampling
3,4.737911903732835,Thompson-Sampling
3,3.820326153048041,Thompson-Sampling
3,4.7777030279753525,Thompson-Sampling
3,3.8311517664193366,Thompson-Sampling
3,2.834100107094611,Thompson-Sampling
3,3.488106654949342,Thompson-Sampling
3,4.662392332407472,Thompson-Sampling
3,2.458062789474128,Thompson-Sampling
3,3.6148561422384833,Thompson-Sampling
3,3.709702181651348,Thompson-Sampling
3,4.942798642363111,Thompson-Sampling
3,4.359383221766801,Thompson-Sampling
3,4.459588337795187,Thompson-Sampling
3,2.8970823319313856,Thompson-Sampling
3,4.047580024644575,Thompson-Sampling
3,4.824790610323294,Thompson-Sampling
3,3.8554723680917045,Thompson-Sampling
3,4.068869374264495,Thompson-Sampling
3,5.214846995494348,Thompson-Sampling
3,3.7126615776597647,Thompson-Sampling
3,6.1872165719274275,Thompson-Sampling
3,3.946687612193388,Thompson-Sampling
3,4.403978884745485,Thompson-Sampling
3,2.9258007592540394,Thompson-Sampling
3,5.933791361199393,Thompson-Sampling
3,1.5968168438715913,Thompson-Sampling
3,4.626367667857799,Thompson-Sampling
3,4.299893819983174,Thompson-Sampling
3,5.965945736186802,Thompson-Sampling
3,3.545741897948915,Thompson-Sampling
3,4.475500127227867,Thompson-Sampling
3,5.287730132234513,Thompson-Sampling
3,5.10780502253999,Thompson-Sampling
3,3.7923270492129624,Thompson-Sampling
3,3.3884092490752735,Thompson-Sampling
3,3.7950178151096075,Thompson-Sampling
3,5.86612542979754,Thompson-Sampling
3,4.367227120137803,Thompson-Sampling
3,3.334600976627214,Thompson-Sampling
3,2.420949311200291,Thompson-Sampling
3,3.2823809161183557,Thompson-Sampling
3,5.843265602077285,Thompson-Sampling
3,3.8654832194432243,Thompson-Sampling
3,7.09007483350573,Thompson-Sampling
3,5.452242841672311,Thompson-Sampling
3,4.143066831951002,Thompson-Sampling
3,4.303457515546783,Thompson-Sampling
3,2.222398402185579,Thompson-Sampling
3,5.348503906953351,Thompson-Sampling
3,4.605447220451332,Thompson-Sampling
3,5.094398119897777,Thompson-Sampling
3,4.1535020572764525,Thompson-Sampling
3,2.821209446152193,Thompson-Sampling
3,2.235998298466513,Thompson-Sampling
3,4.649979721175978,Thompson-Sampling
3,3.5197425900664165,Thompson-Sampling
3,4.8659607192887515,Thompson-Sampling
3,6.327003541564489,Thompson-Sampling
3,3.5877875204265637,Thompson-Sampling
3,4.341812268647899,Thompson-Sampling
3,5.506197369879537,Thompson-Sampling
3,2.981014315021063,Thompson-Sampling
3,4.107721578285997,Thompson-Sampling
3,3.377548907727882,Thompson-Sampling
3,3.076996260330779,Thompson-Sampling
3,4.550393114462116,Thompson-Sampling
3,2.4542638369089005,Thompson-Sampling
3,4.093864617589551,Thompson-Sampling
3,3.5774874241966774,Thompson-Sampling
3,2.1404244769366856,Thompson-Sampling
3,4.107072491608077,Thompson-Sampling
3,4.893769166693569,Thompson-Sampling
3,3.5143508894880346,Thompson-Sampling
3,3.8055290123174377,Thompson-Sampling
3,3.9580612896270164,Thompson-Sampling
3,3.3363233857379297,Thompson-Sampling
3,3.8525871927348145,Thompson-Sampling
3,3.1580360714099234,Thompson-Sampling
3,4.441337927674789,Thompson-Sampling
3,2.6694015522863577,Thompson-Sampling
3,4.0514540380488135,Thompson-Sampling
3,2.9770421272346175,Thompson-Sampling
3,4.0234778863361775,Thompson-Sampling
3,4.848132670680416,Thompson-Sampling
3,2.6129440486627398,Thompson-Sampling
3,4.1946971868341265,Thompson-Sampling
3,5.189630461755895,Thompson-Sampling
3,3.2229113696101623,Thompson-Sampling
3,4.612814990826442,Thompson-Sampling
3,5.293543773319811,Thompson-Sampling
3,4.400942194070949,Thompson-Sampling
3,3.7961335961820537,Thompson-Sampling
3,4.9343090346067076,Thompson-Sampling
3,2.923705249310319,Thompson-Sampling
3,3.317317525802466,Thompson-Sampling
3,5.1733085977930084,Thompson-Sampling
3,3.60999546986567,Thompson-Sampling
3,4.741258402980261,Thompson-Sampling
3,1.7006003401719711,Thompson-Sampling
3,5.296927577030958,Thompson-Sampling
3,4.803580348414878,Thompson-Sampling
3,3.403179365600291,Thompson-Sampling
3,4.1279035857482125,Thompson-Sampling
3,5.88533960402291,Thompson-Sampling
3,6.387497071910126,Thompson-Sampling
3,4.943691157801652,Thompson-Sampling
3,3.087977801035331,Thompson-Sampling
3,4.761808769772719,Thompson-Sampling
3,2.215814141670882,Thompson-Sampling
3,4.011545050200741,Thompson-Sampling
3,3.9740497801333694,Thompson-Sampling
3,4.200542814468869,Thompson-Sampling
3,4.513886994881345,Thompson-Sampling
3,4.048624778991454,Thompson-Sampling
3,4.73272428973777,Thompson-Sampling
3,6.336996892092431,Thompson-Sampling
3,2.1945806949007127,Thompson-Sampling
3,5.344859996464424,Thompson-Sampling
3,4.100513201602274,Thompson-Sampling
3,3.5706638906944685,Thompson-Sampling
3,5.717213070112292,Thompson-Sampling
3,2.9201718730321105,Thompson-Sampling
3,5.047279332770539,Thompson-Sampling
3,3.1867631782791483,Thompson-Sampling
3,4.794548484159073,Thompson-Sampling
3,3.1145664246516085,Thompson-Sampling
3,4.157186944030504,Thompson-Sampling
3,4.234110092126882,Thompson-Sampling
3,3.5616117557498215,Thompson-Sampling
3,3.832761855253207,Thompson-Sampling
3,3.2973697820346053,Thompson-Sampling
3,4.780434736817456,Thompson-Sampling
3,4.537122029167577,Thompson-Sampling
3,4.141247630138269,Thompson-Sampling
3,5.725761677722136,Thompson-Sampling
3,4.137363170717617,Thompson-Sampling
3,4.612166428884753,Thompson-Sampling
3,6.230244033626756,Thompson-Sampling
3,4.978894077080014,Thompson-Sampling
3,3.4387541340322807,Thompson-Sampling
3,2.3188612919127025,Thompson-Sampling
3,3.941575650368794,Thompson-Sampling
3,3.289569451148064,Thompson-Sampling
3,4.629670323490323,Thompson-Sampling
3,4.874894620439735,Thompson-Sampling
3,4.524600855869026,Thompson-Sampling
3,3.4902196246406176,Thompson-Sampling
3,4.180207021350534,Thompson-Sampling
3,3.2996430277232474,Thompson-Sampling
3,3.714521979896528,Thompson-Sampling
3,6.704063062202186,Thompson-Sampling
3,3.2469311447527494,Thompson-Sampling
3,3.6647570499511257,Thompson-Sampling
3,5.0582299500017935,Thompson-Sampling
3,2.7041398314117497,Thompson-Sampling
3,4.333228174907007,Thompson-Sampling
3,5.34747665947858,Thompson-Sampling
3,4.164871526187094,Thompson-Sampling
3,3.82297388708669,Thompson-Sampling
3,4.068857282694939,Thompson-Sampling
3,4.037001939216964,Thompson-Sampling
3,4.6246616067034205,Thompson-Sampling
3,4.691036475278473,Thompson-Sampling
3,3.8301820576432957,Thompson-Sampling
3,4.759470144040644,Thompson-Sampling
3,3.5959196253306427,Thompson-Sampling
3,3.4113608144540954,Thompson-Sampling
3,6.4456994083503805,Thompson-Sampling
3,2.878823388012784,Thompson-Sampling
3,4.651322933364226,Thompson-Sampling
3,4.074053389386884,Thompson-Sampling
3,5.219407562493625,Thompson-Sampling
3,3.7264251885181228,Thompson-Sampling
3,3.9230634264171274,Thompson-Sampling
3,2.9530074839574607,Thompson-Sampling
3,2.765955367503186,Thompson-Sampling
3,3.200494139539771,Thompson-Sampling
3,4.044315913230959,Thompson-Sampling
3,3.8543061319308167,Thompson-Sampling
3,3.3019156806179195,Thompson-Sampling
3,4.533164920425817,Thompson-Sampling
3,4.166742891353592,Thompson-Sampling
3,3.0573131224927086,Thompson-Sampling
3,2.611075819722048,Thompson-Sampling
3,3.619180355275252,Thompson-Sampling
3,3.551387618672255,Thompson-Sampling
3,3.6244451929316654,Thompson-Sampling
3,4.690509540335157,Thompson-Sampling
3,4.325370432902786,Thompson-Sampling
3,4.081168014519686,Thompson-Sampling
3,4.209581329230487,Thompson-Sampling
3,4.529690448918643,Thompson-Sampling
3,4.665560091958558,Thompson-Sampling
3,4.276847293057409,Thompson-Sampling
3,3.2940408665778813,Thompson-Sampling
3,4.165569288417129,Thompson-Sampling
3,5.7488579764483925,Thompson-Sampling
3,3.8908940317705705,Thompson-Sampling
3,4.691339159173389,Thompson-Sampling
3,2.7796034668232803,Thompson-Sampling
3,3.6060043344554518,Thompson-Sampling
3,2.8440201614338934,Thompson-Sampling
3,4.472828328592606,Thompson-Sampling
3,5.124358966490027,Thompson-Sampling
3,3.5679757675467956,Thompson-Sampling
3,4.559348405231488,Thompson-Sampling
3,5.59658960411922,Thompson-Sampling
3,4.12041945582467,Thompson-Sampling
3,3.8239486364694892,Thompson-Sampling
3,2.833234034743117,Thompson-Sampling
3,4.626587585845862,Thompson-Sampling
3,3.7139871331518886,Thompson-Sampling
3,3.560311749142424,Thompson-Sampling
3,5.302320632811234,Thompson-Sampling
3,4.310298151780771,Thompson-Sampling
3,1.983296732047882,Thompson-Sampling
3,5.202460206797775,Thompson-Sampling
3,5.071730704775178,Thompson-Sampling
3,4.01610765785985,Thompson-Sampling
3,4.695305551537875,Thompson-Sampling
3,4.9500276812732205,Thompson-Sampling
3,2.1526485116092955,Thompson-Sampling
3,3.913921057945939,Thompson-Sampling
3,3.3166535754799247,Thompson-Sampling
3,3.7153337725617575,Thompson-Sampling
3,4.442289902584944,Thompson-Sampling
3,4.490049993295601,Thompson-Sampling
3,6.200903299624649,Thompson-Sampling
3,4.205422671397829,Thompson-Sampling
3,4.789853986248261,Thompson-Sampling
3,3.496034614595448,Thompson-Sampling
3,4.393407062216245,Thompson-Sampling
3,1.1206485895988236,Thompson-Sampling
3,3.267422576209711,Thompson-Sampling
3,3.481036765302534,Thompson-Sampling
3,3.138853378756094,Thompson-Sampling
3,4.178057914388169,Thompson-Sampling
3,3.311191031359841,Thompson-Sampling
3,3.3750670595695125,Thompson-Sampling
3,3.6596390516609354,Thompson-Sampling
3,3.0242167015463775,Thompson-Sampling
3,3.7175828669911533,Thompson-Sampling
3,2.5744577350470337,Thompson-Sampling
3,4.022736371661094,Thompson-Sampling
3,4.608257681722776,Thompson-Sampling
3,3.5619850753099063,Thompson-Sampling
3,5.352645230386169,Thompson-Sampling
3,3.5611897074357346,Thompson-Sampling
3,4.985805541663527,Thompson-Sampling
3,3.866489913799291,Thompson-Sampling
3,4.210347070415578,Thompson-Sampling
3,1.725866090860411,Thompson-Sampling
3,5.45117307388837,Thompson-Sampling
3,3.6632916529170925,Thompson-Sampling
3,4.880111542296622,Thompson-Sampling
3,3.1330116426107617,Thompson-Sampling
3,3.9692650005841075,Thompson-Sampling
3,6.171244891597746,Thompson-Sampling
3,3.0015556111691275,Thompson-Sampling
3,4.315288739180061,Thompson-Sampling
3,3.2878761395560687,Thompson-Sampling
3,3.122159487091175,Thompson-Sampling
3,2.2885083337331666,Thompson-Sampling
3,4.907433754894885,Thompson-Sampling
3,4.954869422962547,Thompson-Sampling
3,3.559015111157068,Thompson-Sampling
3,3.639188558356845,Thompson-Sampling
3,4.504485009183096,Thompson-Sampling
3,4.5108591014034465,Thompson-Sampling
3,3.3595200060623607,Thompson-Sampling
3,4.592133749800474,Thompson-Sampling
3,4.871146644369282,Thompson-Sampling
3,3.4812991390882333,Thompson-Sampling
3,3.291373648789186,Thompson-Sampling
3,3.275402553402637,Thompson-Sampling
3,3.332270721586451,Thompson-Sampling
3,5.019327249831768,Thompson-Sampling
3,5.045861773812771,Thompson-Sampling
3,6.172253236161952,Thompson-Sampling
3,4.520287220288887,Thompson-Sampling
3,2.665608021561155,Thompson-Sampling
3,2.3336014932805487,Thompson-Sampling
3,3.2590118071065146,Thompson-Sampling
3,4.239891915999876,Thompson-Sampling
3,3.6073064207056387,Thompson-Sampling
3,3.5274419540268784,Thompson-Sampling
3,2.6844805437284753,Thompson-Sampling
3,4.60145297205075,Thompson-Sampling
3,4.254452472578444,Thompson-Sampling
3,5.314208000994719,Thompson-Sampling
3,3.9320458992244856,Thompson-Sampling
3,4.670365054997535,Thompson-Sampling
3,2.640496202336328,Thompson-Sampling
3,4.5717812690750215,Thompson-Sampling
3,5.836603508135111,Thompson-Sampling
3,2.7265843513423897,Thompson-Sampling
3,4.3205103761686425,Thompson-Sampling
3,2.1410879657068156,Thompson-Sampling
3,3.8796493674355363,Thompson-Sampling
3,3.2401634169339024,Thompson-Sampling
3,3.6866859235894576,Thompson-Sampling
3,5.105365657747462,Thompson-Sampling
3,3.6517920758655897,Thompson-Sampling
3,3.192090870983914,Thompson-Sampling
3,4.624766687855022,Thompson-Sampling
3,6.340853123240695,Thompson-Sampling
3,3.8351410958165673,Thompson-Sampling
3,2.925997438551454,Thompson-Sampling
3,4.4628017190592795,Thompson-Sampling
3,3.3185204301552615,Thompson-Sampling
3,4.652150577254612,Thompson-Sampling
3,3.8876714001912185,Thompson-Sampling
3,5.30787103805897,Thompson-Sampling
3,4.9791833907570675,Thompson-Sampling
3,5.194370786172683,Thompson-Sampling
3,3.2253294839125535,Thompson-Sampling
3,3.012886353114663,Thompson-Sampling
3,6.537290073588526,Thompson-Sampling
3,3.014170640033674,Thompson-Sampling
3,6.314706486759562,Thompson-Sampling
3,4.97925920333668,Thompson-Sampling
3,4.27441671551603,Thompson-Sampling
3,3.835941506995127,Thompson-Sampling
3,4.0309145049053505,Thompson-Sampling
3,4.486020363889086,Thompson-Sampling
3,4.49467820191204,Thompson-Sampling
3,4.30847402046727,Thompson-Sampling
3,1.8334909932701957,Thompson-Sampling
3,5.246126419300171,Thompson-Sampling
3,3.8885383066902963,Thompson-Sampling
3,5.881818735939714,Thompson-Sampling
3,3.5401391766083252,Thompson-Sampling
3,3.0675068214101193,Thompson-Sampling
3,3.048843172846877,Thompson-Sampling
3,1.8955728646179475,Thompson-Sampling
3,3.8826977631270907,Thompson-Sampling
3,4.590165944857232,Thompson-Sampling
3,4.900646977721232,Thompson-Sampling
3,3.638814364231322,Thompson-Sampling
3,2.346479101760107,Thompson-Sampling
3,4.621541627271237,Thompson-Sampling
3,3.5113888985851602,Thompson-Sampling
3,6.747582366815628,Thompson-Sampling
3,5.495903126997999,Thompson-Sampling
3,4.975168372058922,Thompson-Sampling
3,2.915945986641173,Thompson-Sampling
3,3.381479861598184,Thompson-Sampling
3,4.2990847259143665,Thompson-Sampling
3,4.3963318093112305,Thompson-Sampling
3,3.431120580153441,Thompson-Sampling
3,2.506614239375944,Thompson-Sampling
3,5.077991190158336,Thompson-Sampling
3,4.027039999322169,Thompson-Sampling
3,3.824987232008199,Thompson-Sampling
3,5.342460803322832,Thompson-Sampling
3,3.277858000884066,Thompson-Sampling
3,4.026941900826764,Thompson-Sampling
3,2.3625012561295864,Thompson-Sampling
3,4.8796564526301776,Thompson-Sampling
3,2.9304830540491444,Thompson-Sampling
3,4.459297980373393,Thompson-Sampling
3,1.2350108597509997,Thompson-Sampling
3,4.005890709401191,Thompson-Sampling
3,4.6762633057012915,Thompson-Sampling
3,5.202716826386649,Thompson-Sampling
3,2.6493986707872588,Thompson-Sampling
3,2.1411653107933164,Thompson-Sampling
3,4.095083899453733,Thompson-Sampling
3,4.969535985198684,Thompson-Sampling
3,2.5446364847472362,Thompson-Sampling
3,4.302685993225119,Thompson-Sampling
3,5.624558013077703,Thompson-Sampling
3,4.223539004989653,Thompson-Sampling
3,3.3434630408637775,Thompson-Sampling
3,5.895080436854304,Thompson-Sampling
3,4.411715309178258,Thompson-Sampling
3,4.570468828787543,Thompson-Sampling
3,4.118737496311356,Thompson-Sampling
3,2.747575453584954,Thompson-Sampling
3,3.4735636614618968,Thompson-Sampling
3,4.486165704313747,Thompson-Sampling
3,3.6272549142511967,Thompson-Sampling
3,5.0063267731732495,Thompson-Sampling
3,2.907774285190996,Thompson-Sampling
3,2.7532199478637662,Thompson-Sampling
3,5.218320663209239,Thompson-Sampling
3,3.215121851198454,Thompson-Sampling
3,7.081463609363033,Thompson-Sampling
3,4.768490374225319,Thompson-Sampling
3,4.307872067148723,Thompson-Sampling
3,3.549559325941468,Thompson-Sampling
3,3.9128810780433505,Thompson-Sampling
3,4.1067099072572395,Thompson-Sampling
3,4.082333311078823,Thompson-Sampling
3,3.9452096884952645,Thompson-Sampling
3,4.025713240603242,Thompson-Sampling
3,3.335910706448578,Thompson-Sampling
3,3.837692637829444,Thompson-Sampling
3,4.940814670068587,Thompson-Sampling
3,4.068748856517946,Thompson-Sampling
3,5.4583891671491,Thompson-Sampling
3,3.706874337140614,Thompson-Sampling
3,0.8130102682201676,Thompson-Sampling
3,3.559808118084704,Thompson-Sampling
3,3.562094045826899,Thompson-Sampling
3,3.4250579986754124,Thompson-Sampling
3,3.7319067193656634,Thompson-Sampling
3,4.185067161544124,Thompson-Sampling
3,4.744885624199773,Thompson-Sampling
3,3.8594444451970547,Thompson-Sampling
3,3.111668302019727,Thompson-Sampling
3,3.6907329633959836,Thompson-Sampling
3,4.402732874974082,Thompson-Sampling
3,4.152065190454524,Thompson-Sampling
3,4.351278288106929,Thompson-Sampling
3,4.974923089272794,Thompson-Sampling
3,3.051863243259376,Thompson-Sampling
3,2.3698590855749457,Thompson-Sampling
3,3.6104676729855023,Thompson-Sampling
3,5.711156277109947,Thompson-Sampling
3,4.640310340444556,Thompson-Sampling
3,3.628860152004524,Thompson-Sampling
3,4.221336615283055,Thompson-Sampling
3,3.74321495363571,Thompson-Sampling
3,2.7571732689213126,Thompson-Sampling
3,2.967020075442262,Thompson-Sampling
3,3.905623850679783,Thompson-Sampling
3,4.402415804456746,Thompson-Sampling
3,4.071202196357708,Thompson-Sampling
3,4.042907900471606,Thompson-Sampling
3,5.323720482807428,Thompson-Sampling
3,3.2863156867999503,Thompson-Sampling
3,4.95325564306546,Thompson-Sampling
3,3.0150252603303005,Thompson-Sampling
3,2.8087873645961765,Thompson-Sampling
3,2.6053345038997175,Thompson-Sampling
3,5.017667092319514,Thompson-Sampling
3,3.2224005157699405,Thompson-Sampling
3,6.278551438600921,Thompson-Sampling
3,1.2479586896230197,Thompson-Sampling
3,2.431047782957006,Thompson-Sampling
3,5.1880461068021315,Thompson-Sampling
3,1.7608650224565245,Thompson-Sampling
3,4.883954902438035,Thompson-Sampling
3,1.6397979481309584,Thompson-Sampling
3,3.6461162601522275,Thompson-Sampling
3,3.952543074493458,Thompson-Sampling
3,5.887665877261462,Thompson-Sampling
3,4.373784924146192,Thompson-Sampling
3,3.1110140285643673,Thompson-Sampling
3,4.207592312683563,Thompson-Sampling
3,4.179930615841775,Thompson-Sampling
3,4.619018050994957,Thompson-Sampling
3,2.759215310563181,Thompson-Sampling
3,2.665430315342155,Thompson-Sampling
3,4.34948810760092,Thompson-Sampling
3,3.501072534765769,Thompson-Sampling
3,4.472093072415519,Thompson-Sampling
3,3.7221741190862048,Thompson-Sampling
3,5.248849372436319,Thompson-Sampling
3,4.780254368120094,Thompson-Sampling
3,4.401794622141,Thompson-Sampling
3,2.9131311331970178,Thompson-Sampling
3,3.5752161983107342,Thompson-Sampling
3,4.710673083304613,Thompson-Sampling
3,4.55122722716856,Thompson-Sampling
3,2.856517247140566,Thompson-Sampling
3,4.940121849523995,Thompson-Sampling
3,2.78580613167887,Thompson-Sampling
3,4.0364057871539245,Thompson-Sampling
3,2.775150310969579,Thompson-Sampling
3,5.14779157321394,Thompson-Sampling
3,3.4175922697381322,Thompson-Sampling
3,3.467048611264547,Thompson-Sampling
3,4.674428875137524,Thompson-Sampling
3,4.115813122601948,Thompson-Sampling
3,3.95821803396213,Thompson-Sampling
3,4.954266915427237,Thompson-Sampling
3,3.0212605923877938,Thompson-Sampling
3,4.82759511980279,Thompson-Sampling
3,4.934226393084842,Thompson-Sampling
3,5.93838258937746,Thompson-Sampling
3,2.8728529071281743,Thompson-Sampling
3,4.239563184898079,Thompson-Sampling
3,4.190316418456558,Thompson-Sampling
3,5.332959079080687,Thompson-Sampling
3,3.481638184413111,Thompson-Sampling
3,4.767920967746248,Thompson-Sampling
3,4.009243173618703,Thompson-Sampling
3,4.359713783472057,Thompson-Sampling
3,4.220785323282885,Thompson-Sampling
3,5.753544196079959,Thompson-Sampling
3,4.747019560944142,Thompson-Sampling
3,4.063391598246292,Thompson-Sampling
3,5.470203630789629,Thompson-Sampling
3,3.2243106184428374,Thompson-Sampling
3,4.564320855660732,Thompson-Sampling
3,3.905834106711903,Thompson-Sampling
3,3.9893509077006097,Thompson-Sampling
3,3.2479945281930034,Thompson-Sampling
3,4.48515875346461,Thompson-Sampling
3,3.273351933572693,Thompson-Sampling
3,3.8909307359034444,Thompson-Sampling
3,4.592123496561722,Thompson-Sampling
3,3.985315280412346,Thompson-Sampling
3,4.782087514191655,Thompson-Sampling
3,5.685236928408198,Thompson-Sampling
3,4.11690305968371,Thompson-Sampling
3,3.4861458095039324,Thompson-Sampling
3,4.810628793779253,Thompson-Sampling
3,3.691410446387541,Thompson-Sampling
3,4.539783905269529,Thompson-Sampling
3,3.9233263398906555,Thompson-Sampling
3,4.5577557669146245,Thompson-Sampling
3,3.3759578918756534,Thompson-Sampling
3,4.324475706190313,Thompson-Sampling
3,3.918029472257593,Thompson-Sampling
3,3.544866479134797,Thompson-Sampling
3,4.467590773484698,Thompson-Sampling
3,1.9768403670855084,Thompson-Sampling
3,2.3464465503263945,Thompson-Sampling
3,3.764930628987602,Thompson-Sampling
3,4.2942965389377905,Thompson-Sampling
3,4.117520562569012,Thompson-Sampling
3,4.389976221823677,Thompson-Sampling
3,3.7813028140047877,Thompson-Sampling
3,3.5010557035487144,Thompson-Sampling
3,5.480802946725627,Thompson-Sampling
3,4.331137831288414,Thompson-Sampling
3,3.3129538426513485,Thompson-Sampling
3,4.524296301563328,Thompson-Sampling
3,4.567588292825082,Thompson-Sampling
3,3.131576674450788,Thompson-Sampling
3,3.216049716093487,Thompson-Sampling
3,2.766080899108739,Thompson-Sampling
3,3.631890394693384,Thompson-Sampling
3,4.126038960711533,Thompson-Sampling
3,5.051114539176652,Thompson-Sampling
3,2.876776859312745,Thompson-Sampling
3,4.4791020075532355,Thompson-Sampling
3,2.1954407254890604,Thompson-Sampling
3,4.836495963791038,Thompson-Sampling
3,3.9380442482062925,Thompson-Sampling
3,2.3872002664673597,Thompson-Sampling
3,5.3993940413012895,Thompson-Sampling
3,1.5228941422682194,Thompson-Sampling
3,4.35492204063525,Thompson-Sampling
3,4.326161708975325,Thompson-Sampling
3,4.638408690559409,Thompson-Sampling
3,5.210148741869727,Thompson-Sampling
3,4.9679770583699145,Thompson-Sampling
3,5.087188524785445,Thompson-Sampling
3,4.89843719044865,Thompson-Sampling
3,4.394584657448247,Thompson-Sampling
3,3.786417008906321,Thompson-Sampling
3,5.814197509293132,Thompson-Sampling
3,5.724576843843147,Thompson-Sampling
3,3.3777675562631506,Thompson-Sampling
3,2.137282508414165,Thompson-Sampling
3,3.5608289355802807,Thompson-Sampling
3,4.584216884559755,Thompson-Sampling
3,3.7644141821952166,Thompson-Sampling
3,6.276438176411503,Thompson-Sampling
3,5.107358207804985,Thompson-Sampling
3,2.458787273557637,Thompson-Sampling
3,5.122459699443284,Thompson-Sampling
3,5.486705627654735,Thompson-Sampling
3,3.906272613320255,Thompson-Sampling
3,4.222859167693808,Thompson-Sampling
3,5.565604523647227,Thompson-Sampling
3,2.8538609538731246,Thompson-Sampling
3,3.6245653118013257,Thompson-Sampling
3,3.397307699506779,Thompson-Sampling
3,3.384519405781303,Thompson-Sampling
3,3.7078369167320124,Thompson-Sampling
3,4.31014094344572,Thompson-Sampling
3,4.233531948231899,Thompson-Sampling
3,3.40025730541116,Thompson-Sampling
3,2.6611719661277453,Thompson-Sampling
3,4.635670626022838,Thompson-Sampling
3,4.95014960738807,Thompson-Sampling
3,4.973603741741817,Thompson-Sampling
3,4.152086388059679,Thompson-Sampling
3,3.198125318279315,Thompson-Sampling
3,4.543911529792164,Thompson-Sampling
3,2.35929277225622,Thompson-Sampling
3,3.020832785351902,Thompson-Sampling
3,4.912748913983872,Thompson-Sampling
3,5.153131092166087,Thompson-Sampling
3,3.4322238112807195,Thompson-Sampling
3,5.2079449161251805,Thompson-Sampling
3,3.2709331109068653,Thompson-Sampling
3,4.761732337781425,Thompson-Sampling
3,3.9353514702431096,Thompson-Sampling
3,4.297586745681067,Thompson-Sampling
3,5.2956811937542625,Thompson-Sampling
3,5.109328959685256,Thompson-Sampling
3,4.334369025618479,Thompson-Sampling
3,5.420832922348941,Thompson-Sampling
3,4.603955895404864,Thompson-Sampling
3,5.8474031728304965,Thompson-Sampling
3,3.313118854101975,Thompson-Sampling
3,4.570253462639587,Thompson-Sampling
3,5.063470387521745,Thompson-Sampling
3,2.2996594498341643,Thompson-Sampling
3,4.718121840144412,Thompson-Sampling
3,5.760411402165152,Thompson-Sampling
3,4.5790123540172765,Thompson-Sampling
3,4.526968952225474,Thompson-Sampling
3,3.4278729749601413,Thompson-Sampling
3,3.3958817410026425,Thompson-Sampling
3,3.088651159972322,Thompson-Sampling
3,4.61300445807253,Thompson-Sampling
3,3.189983169102338,Thompson-Sampling
3,3.1345612184815783,Thompson-Sampling
3,3.749876663029386,Thompson-Sampling
3,3.372369702845983,Thompson-Sampling
3,4.313124719105149,Thompson-Sampling
3,4.084345501786167,Thompson-Sampling
3,4.212956864803593,Thompson-Sampling
3,4.111376221377757,Thompson-Sampling
3,5.619475514194057,Thompson-Sampling
3,3.5772584394849956,Thompson-Sampling
3,3.7694299509782194,Thompson-Sampling
3,2.8791508717974907,Thompson-Sampling
3,5.3607758249236985,Thompson-Sampling
3,4.439588294407202,Thompson-Sampling
3,4.837952453764638,Thompson-Sampling
3,5.12495301887583,Thompson-Sampling
3,5.230205930994504,Thompson-Sampling
3,3.21300956831095,Thompson-Sampling
3,4.457593838125808,Thompson-Sampling
3,4.892256461970569,Thompson-Sampling
3,4.510577199905269,Thompson-Sampling
3,3.9165761585498067,Thompson-Sampling
3,4.577848546949973,Thompson-Sampling
3,3.851898019423868,Thompson-Sampling
3,5.652626015712602,Thompson-Sampling
3,2.925136395449848,Thompson-Sampling
3,3.4650552847925797,Thompson-Sampling
3,3.4619535107804316,Thompson-Sampling
3,4.237182204321592,Thompson-Sampling
3,3.7453163110238923,Thompson-Sampling
3,2.73083868864795,Thompson-Sampling
3,3.528773779875196,Thompson-Sampling
3,4.891397085388297,Thompson-Sampling
3,2.2981502331615715,Thompson-Sampling
3,5.38711430274208,Thompson-Sampling
3,2.9498613500408872,Thompson-Sampling
3,3.7397497161689683,Thompson-Sampling
3,3.0689815810195116,Thompson-Sampling
3,3.787680154945991,Thompson-Sampling
3,3.516052000009512,Thompson-Sampling
3,3.6233018712442044,Thompson-Sampling
3,4.536580401113952,Thompson-Sampling
3,3.3663484634573733,Thompson-Sampling
3,5.088236082892481,Thompson-Sampling
3,4.326996010901043,Thompson-Sampling
3,3.797201282647453,Thompson-Sampling
3,3.6615167884913817,Thompson-Sampling
3,3.384193782876063,Thompson-Sampling
3,3.3924082607048085,Thompson-Sampling
3,5.596010653378708,Thompson-Sampling
3,3.423817247205273,Thompson-Sampling
3,4.859288464097231,Thompson-Sampling
3,3.9890601446715306,Thompson-Sampling
3,4.021461570984436,Thompson-Sampling
3,4.181918385644646,Thompson-Sampling
3,5.878495518037583,Thompson-Sampling
3,2.9524849514050904,Thompson-Sampling
3,4.614974334696746,Thompson-Sampling
3,2.202812724356546,Thompson-Sampling
3,3.2344138922587096,Thompson-Sampling
3,2.919344267955723,Thompson-Sampling
3,3.4587289815619964,Thompson-Sampling
3,3.97600956410315,Thompson-Sampling
3,5.144864987788307,Thompson-Sampling
3,4.631539656265222,Thompson-Sampling
3,4.942875558262546,Thompson-Sampling
3,4.612843430939508,Thompson-Sampling
3,3.843862852017402,Thompson-Sampling
3,4.518436705673782,Thompson-Sampling
3,3.460377872254881,Thompson-Sampling
3,5.095275809952479,Thompson-Sampling
3,4.069433044892753,Thompson-Sampling
3,3.1694745094844756,Thompson-Sampling
3,2.142534475707633,Thompson-Sampling
3,3.277717276434272,Thompson-Sampling
3,3.3228348482183554,Thompson-Sampling
3,2.9936788120806748,Thompson-Sampling
3,4.656036921640301,Thompson-Sampling
3,3.5603966868095274,Thompson-Sampling
3,4.327264340441519,Thompson-Sampling
3,3.594954583564026,Thompson-Sampling
3,4.05198858254456,Thompson-Sampling
3,4.2832754121942616,Thompson-Sampling
3,4.515910026726633,Thompson-Sampling
3,4.14710085109074,Thompson-Sampling
3,3.7005226833763394,Thompson-Sampling
3,3.464363586699839,Thompson-Sampling
3,5.515352880171304,Thompson-Sampling
3,5.697424164747513,Thompson-Sampling
3,5.138261916698399,Thompson-Sampling
3,4.4796702354150995,Thompson-Sampling
3,4.253580996734991,Thompson-Sampling
3,3.049090187372528,Thompson-Sampling
3,2.6720924840000078,Thompson-Sampling
3,2.708036780502117,Thompson-Sampling
3,5.9871110471880495,Thompson-Sampling
3,3.6119545814791736,Thompson-Sampling
3,6.161477123912892,Thompson-Sampling
3,3.4756154109282607,Thompson-Sampling
3,2.47590989737896,Thompson-Sampling
3,3.8160590417736606,Thompson-Sampling
3,4.3811438600381685,Thompson-Sampling
3,4.37647132074528,Thompson-Sampling
3,4.441737033898568,Thompson-Sampling
3,5.749247415907847,Thompson-Sampling
3,3.7982312726253182,Thompson-Sampling
3,3.8290689057499465,Thompson-Sampling
3,4.628832779630263,Thompson-Sampling
3,5.559305812089905,Thompson-Sampling
3,4.561879740664998,Thompson-Sampling
3,4.40981825973499,Thompson-Sampling
3,3.610868216765555,Thompson-Sampling
3,5.3148990563226945,Thompson-Sampling
3,3.8680688576476463,Thompson-Sampling
3,4.616743109104974,Thompson-Sampling
3,5.953588088827907,Thompson-Sampling
3,3.603861846777809,Thompson-Sampling
3,4.747384533792678,Thompson-Sampling
3,6.089928703005836,Thompson-Sampling
3,2.670250956288951,Thompson-Sampling
3,5.040032985375875,Thompson-Sampling
3,5.180726682339707,Thompson-Sampling
3,3.1430772047356825,Thompson-Sampling
3,3.2728365855895256,Thompson-Sampling
3,3.915445301134471,Thompson-Sampling
3,3.6880441355032194,Thompson-Sampling
3,4.146021896941717,Thompson-Sampling
3,2.5484718190694506,Thompson-Sampling
3,5.040542749060806,Thompson-Sampling
3,5.438637822521489,Thompson-Sampling
3,3.3342666022550094,Thompson-Sampling
3,4.316973521490699,Thompson-Sampling
3,2.7172149629696793,Thompson-Sampling
3,4.123947303243859,Thompson-Sampling
3,3.5715035636462757,Thompson-Sampling
3,5.082222453619019,Thompson-Sampling
3,5.4554017908479615,Thompson-Sampling
3,6.3642114987182685,Thompson-Sampling
3,4.5096983783757905,Thompson-Sampling
3,4.311763365290184,Thompson-Sampling
3,2.129016784837249,Thompson-Sampling
3,4.304547955859391,Thompson-Sampling
3,4.362031039118347,Thompson-Sampling
3,3.298815842145342,Thompson-Sampling
3,3.0197827909908264,Thompson-Sampling
3,3.741822754604862,Thompson-Sampling
3,4.931073449999543,Thompson-Sampling
3,4.156786596299717,Thompson-Sampling
3,5.441907255131643,Thompson-Sampling
3,5.545737602344019,Thompson-Sampling
3,4.989391254639536,Thompson-Sampling
3,4.045534225634349,Thompson-Sampling
3,4.527200254359165,Thompson-Sampling
3,4.44189077104825,Thompson-Sampling
3,4.137084465541638,Thompson-Sampling
3,5.353211298106735,Thompson-Sampling
3,4.694853298128369,Thompson-Sampling
3,4.381640533837221,Thompson-Sampling
3,3.8347610367722953,Thompson-Sampling
3,4.983261477693827,Thompson-Sampling
3,2.9850412843534944,Thompson-Sampling
3,5.088660962060712,Thompson-Sampling
3,4.625772687454536,Thompson-Sampling
3,4.628516171215427,Thompson-Sampling
3,3.161965066715115,Thompson-Sampling
3,1.5343029464219575,Thompson-Sampling
3,2.8820866524441784,Thompson-Sampling
3,3.036381210140494,Thompson-Sampling
3,4.12736765199293,Thompson-Sampling
3,2.8391870832615296,Thompson-Sampling
3,4.3787504830123245,Thompson-Sampling
3,5.085076666834281,Thompson-Sampling
3,4.112900943819497,Thompson-Sampling
3,4.730239391913253,Thompson-Sampling
3,3.9842891441219064,Thompson-Sampling
3,3.7171379568267877,Thompson-Sampling
3,4.1705646860952115,Thompson-Sampling
3,3.4806802995347876,Thompson-Sampling
3,3.935052444921624,Thompson-Sampling
3,3.528435683628039,Thompson-Sampling
3,5.056562504188671,Thompson-Sampling
3,3.8862237039408467,Thompson-Sampling
3,3.001001120583196,Thompson-Sampling
3,2.3033883137293043,Thompson-Sampling
3,3.0318810158034672,Thompson-Sampling
3,5.725257786924386,Thompson-Sampling
3,4.210736741363401,Thompson-Sampling
3,4.66419205037717,Thompson-Sampling
3,4.6825397390250645,Thompson-Sampling
3,4.875078432340454,Thompson-Sampling
3,5.2219188656977575,Thompson-Sampling
3,3.8227822145468977,Thompson-Sampling
3,1.61987091664045,Thompson-Sampling
3,3.6416083324801685,Thompson-Sampling
3,3.2659181504226575,Thompson-Sampling
3,5.036361802511754,Thompson-Sampling
3,3.94682696609259,Thompson-Sampling
3,4.470974156376064,Thompson-Sampling
3,5.550742060721538,Thompson-Sampling
3,4.314055738659733,Thompson-Sampling
3,3.3943550386587065,Thompson-Sampling
3,5.79173562661143,Thompson-Sampling
3,3.0004814552434502,Thompson-Sampling
3,3.151762702336403,Thompson-Sampling
3,3.4868833504392933,Thompson-Sampling
3,5.233103264576067,Thompson-Sampling
3,3.204733569512271,Thompson-Sampling
3,3.0185323996579188,Thompson-Sampling
3,4.28162754095584,Thompson-Sampling
3,4.548158972861416,Thompson-Sampling
3,4.339643753754012,Thompson-Sampling
3,4.436875921260283,Thompson-Sampling
3,3.1160539766043462,Thompson-Sampling
3,2.526555275720967,Thompson-Sampling
3,4.113015294576027,Thompson-Sampling
3,4.943676633147134,Thompson-Sampling
3,3.9652526087842404,Thompson-Sampling
3,3.324673789459222,Thompson-Sampling
3,3.016398167400447,Thompson-Sampling
3,2.8707006023623194,Thompson-Sampling
3,3.7654443615186235,Thompson-Sampling
3,2.3369028505361964,Thompson-Sampling
3,3.7554593352759538,Thompson-Sampling
3,2.1735495471642206,Thompson-Sampling
3,5.2914460935706416,Thompson-Sampling
3,2.9621877655722892,Thompson-Sampling
3,3.230262752042732,Thompson-Sampling
3,4.623052507542944,Thompson-Sampling
3,2.0738488347993496,Thompson-Sampling
3,4.229809373816473,Thompson-Sampling
3,5.0460895725735995,Thompson-Sampling
3,4.459611220200036,Thompson-Sampling
3,4.362822670918249,Thompson-Sampling
3,3.7668535162163437,Thompson-Sampling
3,4.317949424747879,Thompson-Sampling
3,3.3347690242200168,Thompson-Sampling
3,3.8330054395394457,Thompson-Sampling
3,4.255205277038045,Thompson-Sampling
3,2.133044580998078,Thompson-Sampling
3,5.061003112531239,Thompson-Sampling
3,4.296336960681493,Thompson-Sampling
3,4.643089940072013,Thompson-Sampling
3,2.672847307303261,Thompson-Sampling
3,4.553621275509195,Thompson-Sampling
3,3.749436427586552,Thompson-Sampling
3,4.086319795825003,Thompson-Sampling
3,4.2926539744286645,Thompson-Sampling
3,4.33731337563113,Thompson-Sampling
3,3.675458688323339,Thompson-Sampling
3,4.380575026949799,Thompson-Sampling
3,4.630766218478512,Thompson-Sampling
3,3.3739693772779207,Thompson-Sampling
3,3.5820639826515017,Thompson-Sampling
3,3.9369490832227756,Thompson-Sampling
3,3.968276500540159,Thompson-Sampling
3,3.1214098616090604,Thompson-Sampling
3,4.000864638416939,Thompson-Sampling
3,3.5864494428037506,Thompson-Sampling
3,4.241127665001116,Thompson-Sampling
3,3.2480143406592843,Thompson-Sampling
3,3.350438000233323,Thompson-Sampling
3,3.757051537351177,Thompson-Sampling
3,4.101455245515155,Thompson-Sampling
3,2.886750391346194,Thompson-Sampling
3,5.1710138130184085,Thompson-Sampling
3,4.214848752897075,Thompson-Sampling
3,3.181836294461175,Thompson-Sampling
3,4.583665083775578,Thompson-Sampling
3,3.515010160291451,Thompson-Sampling
3,5.772076214105482,Thompson-Sampling
3,5.591024602840785,Thompson-Sampling
3,2.9029895938118138,Thompson-Sampling
3,5.302804421067699,Thompson-Sampling
3,3.441741448916505,Thompson-Sampling
3,4.792616320690734,Thompson-Sampling
3,3.9449186137794374,Thompson-Sampling
3,2.9115438359829753,Thompson-Sampling
3,3.7167587613404978,Thompson-Sampling
3,3.9624902726559137,Thompson-Sampling
3,3.878228798360293,Thompson-Sampling
3,5.302456500532474,Thompson-Sampling
3,4.473822461918573,Thompson-Sampling
3,5.284562310236985,Thompson-Sampling
3,5.109060524222204,Thompson-Sampling
3,4.048580447661589,Thompson-Sampling
3,3.3184428353994564,Thompson-Sampling
3,3.9707514318641848,Thompson-Sampling
3,3.558256982590487,Thompson-Sampling
3,4.379379379340324,Thompson-Sampling
3,1.186814598385975,Thompson-Sampling
3,4.613668332448391,Thompson-Sampling
3,3.660804029707712,Thompson-Sampling
3,3.6434863514536135,Thompson-Sampling
3,3.699063298635232,Thompson-Sampling
3,3.9180226139664356,Thompson-Sampling
3,3.4926959482775852,Thompson-Sampling
3,5.492429353232712,Thompson-Sampling
3,3.1501005752542346,Thompson-Sampling
3,5.677301159089629,Thompson-Sampling
3,3.8209286129062376,Thompson-Sampling
3,4.8099578052381675,Thompson-Sampling
3,4.691975609030922,Thompson-Sampling
3,3.792533355203606,Thompson-Sampling
3,4.472291277201205,Thompson-Sampling
3,2.713050036077755,Thompson-Sampling
3,4.560832461385227,Thompson-Sampling
3,4.622229785199535,Thompson-Sampling
3,3.8836935727759583,Thompson-Sampling
3,3.3039927413066374,Thompson-Sampling
3,5.091438924977245,Thompson-Sampling
3,4.960235980784816,Thompson-Sampling
3,4.586748642707486,Thompson-Sampling
3,3.362413513445141,Thompson-Sampling
3,4.098496957145352,Thompson-Sampling
3,2.5925163048427735,Thompson-Sampling
3,4.1101622532323905,Thompson-Sampling
3,4.8138736430618305,Thompson-Sampling
3,6.74132988792759,Thompson-Sampling
3,5.477414459246637,Thompson-Sampling
3,4.586889186594508,Thompson-Sampling
3,1.0199624712878368,Thompson-Sampling
3,4.439823704008683,Thompson-Sampling
3,3.578409255463365,Thompson-Sampling
3,2.751155196339357,Thompson-Sampling
3,2.971046430274214,Thompson-Sampling
3,1.4884443084768075,Thompson-Sampling
3,4.834447626968042,Thompson-Sampling
3,3.162504494952652,Thompson-Sampling
3,2.516410312329611,Thompson-Sampling
3,3.7463825224154568,Thompson-Sampling
3,4.077854805506433,Thompson-Sampling
3,3.5449131373102176,Thompson-Sampling
3,1.5846082831369515,Thompson-Sampling
3,3.461082640426096,Thompson-Sampling
3,4.548799928393945,Thompson-Sampling
3,6.374926370248632,Thompson-Sampling
3,5.119795679821158,Thompson-Sampling
3,2.8830745565791323,Thompson-Sampling
3,2.7050694668179096,Thompson-Sampling
3,5.319959191583458,Thompson-Sampling
3,3.905852386590151,Thompson-Sampling
3,2.556831561583567,Thompson-Sampling
3,4.684642428311228,Thompson-Sampling
3,4.70097252236884,Thompson-Sampling
3,3.477303966671777,Thompson-Sampling
3,2.6291332456987586,Thompson-Sampling
3,3.1014752845701805,Thompson-Sampling
3,4.18692431888672,Thompson-Sampling
3,3.319492598400045,Thompson-Sampling
3,1.8838262321651325,Thompson-Sampling
3,1.2108807536882167,Thompson-Sampling
3,4.86342193487333,Thompson-Sampling
3,4.82146552565409,Thompson-Sampling
3,3.827900892047702,Thompson-Sampling
3,5.954443060266046,Thompson-Sampling
3,2.650620709495566,Thompson-Sampling
3,3.5750948638002864,Thompson-Sampling
3,4.331135588875076,Thompson-Sampling
3,4.427068677595685,Thompson-Sampling
3,5.329580518395575,Thompson-Sampling
3,3.2645392630701595,Thompson-Sampling
3,3.6025542978391987,Thompson-Sampling
3,3.7230011157688114,Thompson-Sampling
3,3.7193937163143582,Thompson-Sampling
3,4.441281578487746,Thompson-Sampling
3,4.641120229323015,Thompson-Sampling
3,3.2392523698344604,Thompson-Sampling
3,3.556786525234184,Thompson-Sampling
3,5.316560422677338,Thompson-Sampling
3,3.6897026906816563,Thompson-Sampling
3,2.791002377062485,Thompson-Sampling
3,4.948458223215155,Thompson-Sampling
3,4.604171697521002,Thompson-Sampling
3,3.564477397292142,Thompson-Sampling
3,2.844136530325664,Thompson-Sampling
3,3.7807651112469904,Thompson-Sampling
3,5.176564562036133,Thompson-Sampling
3,4.040345685228196,Thompson-Sampling
3,4.882141683710552,Thompson-Sampling
3,4.891394106939925,Thompson-Sampling
3,3.770836789100824,Thompson-Sampling
3,4.815876254356309,Thompson-Sampling
3,4.287372659120232,Thompson-Sampling
3,3.363631127361921,Thompson-Sampling
3,3.6907492219730367,Thompson-Sampling
3,4.541697822929134,Thompson-Sampling
3,5.294473222402834,Thompson-Sampling
3,3.393020974782511,Thompson-Sampling
3,3.6434026206507046,Thompson-Sampling
3,5.172773053420064,Thompson-Sampling
3,4.334704003103655,Thompson-Sampling
3,4.902446778778978,Thompson-Sampling
3,3.72474060426657,Thompson-Sampling
3,5.241656253110554,Thompson-Sampling
3,3.6829894121034608,Thompson-Sampling
3,5.264696654291213,Thompson-Sampling
3,3.2365760591028834,Thompson-Sampling
3,2.0415467389134063,Thompson-Sampling
3,3.778576351389684,Thompson-Sampling
3,5.426730106924373,Thompson-Sampling
3,3.2535767676199243,Thompson-Sampling
3,4.29589896145621,Thompson-Sampling
3,3.8040938082909754,Thompson-Sampling
3,4.337507181713668,Thompson-Sampling
3,4.595791191620369,Thompson-Sampling
3,4.289252359499927,Thompson-Sampling
3,3.1844099393215632,Thompson-Sampling
3,4.897602180023276,Thompson-Sampling
3,3.22886694736283,Thompson-Sampling
3,3.7035707996168497,Thompson-Sampling
3,3.898892931557895,Thompson-Sampling
3,2.1292287916754047,Thompson-Sampling
3,5.355638186422607,Thompson-Sampling
3,3.6222979600699414,Thompson-Sampling
3,3.950726469248933,Thompson-Sampling
3,4.648682615552907,Thompson-Sampling
3,1.4908526799221566,Thompson-Sampling
3,5.363488867736358,Thompson-Sampling
3,4.1006435142779845,Thompson-Sampling
3,1.2969419538711047,Thompson-Sampling
3,3.7491097527240926,Thompson-Sampling
3,4.921154582282162,Thompson-Sampling
3,5.0700332435593864,Thompson-Sampling
3,4.657265312075637,Thompson-Sampling
3,3.655898755905426,Thompson-Sampling
3,5.440255639248676,Thompson-Sampling
3,3.447695744585591,Thompson-Sampling
3,2.918725466996614,Thompson-Sampling
3,3.326179631437683,Thompson-Sampling
3,1.9063745255185545,Thompson-Sampling
3,4.262054594227109,Thompson-Sampling
3,2.75517120430634,Thompson-Sampling
3,3.184582029139052,Thompson-Sampling
3,2.3052811423057813,Thompson-Sampling
3,3.845702490618302,Thompson-Sampling
3,4.256545297370416,Thompson-Sampling
3,2.801683196016293,Thompson-Sampling
3,6.089285456699909,Thompson-Sampling
3,3.916316677166014,Thompson-Sampling
3,5.067876486738985,Thompson-Sampling
3,4.814429799417855,Thompson-Sampling
3,4.918759417768327,Thompson-Sampling
3,3.904331019069346,Thompson-Sampling
3,3.672486960601848,Thompson-Sampling
3,3.7600402143169034,Thompson-Sampling
3,3.091281166525785,Thompson-Sampling
3,4.906849763173676,Thompson-Sampling
3,5.321769100309305,Thompson-Sampling
3,5.3888682417400275,Thompson-Sampling
3,4.309931223074576,Thompson-Sampling
3,3.454912320360334,Thompson-Sampling
3,3.9110684734854297,Thompson-Sampling
3,1.8171309601446963,Thompson-Sampling
3,3.9943230265989444,Thompson-Sampling
3,4.3267483251672685,Thompson-Sampling
3,4.2823175159565166,Thompson-Sampling
3,2.1399933712297985,Thompson-Sampling
3,3.5511782347544876,Thompson-Sampling
3,3.2467694454665037,Thompson-Sampling
3,4.638932099263105,Thompson-Sampling
3,3.987367347924243,Thompson-Sampling
3,1.5736218956630141,Thompson-Sampling
3,4.9172455793596015,Thompson-Sampling
3,3.96261595675291,Thompson-Sampling
3,5.728792771576129,Thompson-Sampling
3,5.252067459624714,Thompson-Sampling
3,4.352950825423136,Thompson-Sampling
3,2.9111507047989114,Thompson-Sampling
3,2.9161768487755024,Thompson-Sampling
3,4.687838180570869,Thompson-Sampling
3,5.063235919741487,Thompson-Sampling
3,4.465889622006285,Thompson-Sampling
3,2.957416474679725,Thompson-Sampling
3,4.098466119224606,Thompson-Sampling
3,4.727242661841737,Thompson-Sampling
3,3.924125437102947,Thompson-Sampling
3,2.4175879920872063,Thompson-Sampling
3,3.8420728733430614,Thompson-Sampling
3,2.414871253203759,Thompson-Sampling
3,2.703037585491679,Thompson-Sampling
3,4.2855737664806135,Thompson-Sampling
3,3.920074184420809,Thompson-Sampling
3,5.018059225373065,Thompson-Sampling
3,3.0448816480498837,Thompson-Sampling
3,3.976427909675658,Thompson-Sampling
3,3.3857285269530797,Thompson-Sampling
3,2.5140259976405295,Thompson-Sampling
3,3.18758909928161,Thompson-Sampling
3,3.538876177009168,Thompson-Sampling
3,4.5761960029407645,Thompson-Sampling
3,3.8319483101263145,Thompson-Sampling
3,3.36224310796787,Thompson-Sampling
3,4.056512957948426,Thompson-Sampling
3,3.901475562114385,Thompson-Sampling
3,4.3639129685331,Thompson-Sampling
3,2.1793411942243743,Thompson-Sampling
3,4.966453042536734,Thompson-Sampling
3,5.818070674859591,Thompson-Sampling
3,3.8910348562757746,Thompson-Sampling
3,1.8628497856297308,Thompson-Sampling
3,3.51121127388696,Thompson-Sampling
3,2.710740361554592,Thompson-Sampling
3,4.623265843526553,Thompson-Sampling
3,5.9995404567596395,Thompson-Sampling
3,4.17850869668253,Thompson-Sampling
3,5.223226349044028,Thompson-Sampling
3,4.088563683758854,Thompson-Sampling
3,4.453919514249985,Thompson-Sampling
3,4.568492207848477,Thompson-Sampling
3,5.598817108203115,Thompson-Sampling
3,4.620069135429495,Thompson-Sampling
3,3.2244388742514962,Thompson-Sampling
3,3.4633631314365436,Thompson-Sampling
3,1.0325717077969423,Thompson-Sampling
3,4.226494132169683,Thompson-Sampling
3,4.517254158515342,Thompson-Sampling
3,4.0176900426523625,Thompson-Sampling
3,5.022619260168807,Thompson-Sampling
3,4.02852955701063,Thompson-Sampling
3,4.4020516132050656,Thompson-Sampling
3,4.2363938277842665,Thompson-Sampling
3,3.9758607519783653,Thompson-Sampling
3,2.099411052602936,Thompson-Sampling
3,2.7564746743772375,Thompson-Sampling
3,3.664703575028891,Thompson-Sampling
3,4.59337732283844,Thompson-Sampling
3,4.359357361821684,Thompson-Sampling
3,5.1398190535384884,Thompson-Sampling
3,4.194550572194825,Thompson-Sampling
3,2.903758241509829,Thompson-Sampling
3,1.9705601447285175,Thompson-Sampling
3,4.445379720085768,Thompson-Sampling
3,2.356006199807128,Thompson-Sampling
3,2.3820441051125876,Thompson-Sampling
3,3.3502563867616413,Thompson-Sampling
3,2.3623244834765122,Thompson-Sampling
3,2.3702949088696377,Thompson-Sampling
3,1.759199057234445,Thompson-Sampling
3,2.039778685623445,Thompson-Sampling
3,4.935530557722781,Thompson-Sampling
3,4.077848589698738,Thompson-Sampling
3,3.651872655913571,Thompson-Sampling
3,2.9917307959279764,Thompson-Sampling
3,3.0919103770250085,Thompson-Sampling
3,2.830808605430453,Thompson-Sampling
3,4.346072885065117,Thompson-Sampling
3,4.170668773161459,Thompson-Sampling
3,4.764870098937801,Thompson-Sampling
3,2.759989231401331,Thompson-Sampling
3,4.394678000385833,Thompson-Sampling
3,4.042121231811328,Thompson-Sampling
3,4.8801511564896,Thompson-Sampling
3,4.710610241547241,Thompson-Sampling
3,5.3106507303052535,Thompson-Sampling
3,2.5223295145381055,Thompson-Sampling
3,4.15879520785923,Thompson-Sampling
3,3.9114310443010334,Thompson-Sampling
3,3.900601363323391,Thompson-Sampling
3,4.715716701142522,Thompson-Sampling
3,5.57411447906092,Thompson-Sampling
3,3.723009902659048,Thompson-Sampling
3,4.207869713925466,Thompson-Sampling
3,4.264819031912097,Thompson-Sampling
3,3.4675584614429624,Thompson-Sampling
3,2.2978146514661253,Thompson-Sampling
3,4.872133497721681,Thompson-Sampling
3,4.13349120967765,Thompson-Sampling
3,3.1697858200984252,Thompson-Sampling
3,3.8508821833815476,Thompson-Sampling
3,3.7683894700814737,Thompson-Sampling
3,1.7333408121957645,Thompson-Sampling
3,2.6838320581779023,Thompson-Sampling
3,4.449715836528158,Thompson-Sampling
3,5.443838000534915,Thompson-Sampling
3,3.178435209674121,Thompson-Sampling
3,4.111926816397134,Thompson-Sampling
3,3.5496018646366228,Thompson-Sampling
3,4.519131568045545,Thompson-Sampling
3,4.470634960894688,Thompson-Sampling
3,3.282113145412679,Thompson-Sampling
3,4.141167472363982,Thompson-Sampling
3,2.923251797265877,Thompson-Sampling
3,4.49234921822334,Thompson-Sampling
3,2.3788751992953117,Thompson-Sampling
3,4.648827979863302,Thompson-Sampling
3,5.378692262073304,Thompson-Sampling
3,4.445055369721045,Thompson-Sampling
3,4.250061475291726,Thompson-Sampling
3,4.263469724774037,Thompson-Sampling
3,5.121713275174673,Thompson-Sampling
3,4.665959817547935,Thompson-Sampling
3,2.339307974344358,Thompson-Sampling
3,4.022286174534014,Thompson-Sampling
3,5.247278881929392,Thompson-Sampling
3,3.7977811102923424,Thompson-Sampling
3,1.751395334520411,Thompson-Sampling
3,4.652358080433363,Thompson-Sampling
3,3.448156149788307,Thompson-Sampling
3,4.25659920740682,Thompson-Sampling
3,4.318667827764652,Thompson-Sampling
3,3.349433368350848,Thompson-Sampling
3,4.652633118617543,Thompson-Sampling
3,4.48728872640756,Thompson-Sampling
3,1.6102222480771888,Thompson-Sampling
3,4.261073500835858,Thompson-Sampling
3,4.035383216946351,Thompson-Sampling
3,4.905524269840855,Thompson-Sampling
3,3.951107865388928,Thompson-Sampling
3,5.337699975224477,Thompson-Sampling
3,3.434618060938788,Thompson-Sampling
3,4.059273221544065,Thompson-Sampling
3,4.582044097512585,Thompson-Sampling
3,2.399184042359633,Thompson-Sampling
3,5.4015716510869805,Thompson-Sampling
3,5.247120237079352,Thompson-Sampling
3,1.2151280264631086,Thompson-Sampling
3,4.489937542536235,Thompson-Sampling
3,3.3808042718272655,Thompson-Sampling
3,3.083562328619469,Thompson-Sampling
3,4.547527255617977,Thompson-Sampling
3,4.957520967133086,Thompson-Sampling
3,4.754991174742504,Thompson-Sampling
3,5.167219131397517,Thompson-Sampling
3,1.9322966931943504,Thompson-Sampling
3,4.934460433432184,Thompson-Sampling
3,5.2031026576932815,Thompson-Sampling
3,4.977451910924373,Thompson-Sampling
3,4.388054980162565,Thompson-Sampling
3,3.8943077802968666,Thompson-Sampling
3,5.033794433550416,Thompson-Sampling
3,1.7732703638676819,Thompson-Sampling
3,3.828024150872983,Thompson-Sampling
3,2.094329199286338,Thompson-Sampling
3,4.336937558293058,Thompson-Sampling
3,3.380504156931365,Thompson-Sampling
3,3.560141568765362,Thompson-Sampling
3,3.2345188080327643,Thompson-Sampling
3,4.907216551301813,Thompson-Sampling
3,4.525917671611285,Thompson-Sampling
3,5.045052020900538,Thompson-Sampling
3,4.712078742029377,Thompson-Sampling
3,4.496406272792042,Thompson-Sampling
3,4.832983797023579,Thompson-Sampling
3,3.9421996571200615,Thompson-Sampling
3,3.198936024682651,Thompson-Sampling
3,3.889531906058899,Thompson-Sampling
3,3.7501755400043333,Thompson-Sampling
3,4.107289710532303,Thompson-Sampling
3,3.659666856096097,Thompson-Sampling
3,4.5018312470361685,Thompson-Sampling
3,3.9318309188336538,Thompson-Sampling
3,4.408024579332069,Thompson-Sampling
3,3.440098898364672,Thompson-Sampling
3,4.471754750652123,Thompson-Sampling
3,3.8720232191821067,Thompson-Sampling
3,5.391453964370093,Thompson-Sampling
3,5.266825810742103,Thompson-Sampling
3,4.899002980586059,Thompson-Sampling
3,5.114668231185649,Thompson-Sampling
3,4.733376978186163,Thompson-Sampling
3,4.12889947649201,Thompson-Sampling
3,3.7572480401105817,Thompson-Sampling
3,3.077272218522936,Thompson-Sampling
3,2.871664049332166,Thompson-Sampling
3,4.00757023427436,Thompson-Sampling
3,3.113516403405833,Thompson-Sampling
3,4.7237563655503605,Thompson-Sampling
3,4.4951985739751015,Thompson-Sampling
3,3.913304652141436,Thompson-Sampling
3,4.078038058755897,Thompson-Sampling
3,5.464952601880885,Thompson-Sampling
3,4.503068498423745,Thompson-Sampling
3,3.5656883800350267,Thompson-Sampling
3,4.135571613067885,Thompson-Sampling
3,4.771098221637488,Thompson-Sampling
3,5.337087713032316,Thompson-Sampling
3,2.5436889358214736,Thompson-Sampling
3,3.3497981261999286,Thompson-Sampling
3,2.0922751777641877,Thompson-Sampling
3,6.254826711116817,Thompson-Sampling
3,4.257979415007095,Thompson-Sampling
3,4.013811823215864,Thompson-Sampling
3,5.415334839478548,Thompson-Sampling
3,3.3963758825427663,Thompson-Sampling
3,4.792932102357888,Thompson-Sampling
3,1.9177255256549173,Thompson-Sampling
3,2.6505324909157526,Thompson-Sampling
3,4.160972802298923,Thompson-Sampling
3,2.7041160924081846,Thompson-Sampling
3,2.7271001658334084,Thompson-Sampling
3,4.387136500358634,Thompson-Sampling
3,3.164185785164265,Thompson-Sampling
3,5.133764243332,Thompson-Sampling
3,4.820512005694839,Thompson-Sampling
3,1.4410045470204458,Thompson-Sampling
3,4.532605094549952,Thompson-Sampling
3,4.513882440951337,Thompson-Sampling
3,4.076943908246435,Thompson-Sampling
3,4.39451448039093,Thompson-Sampling
3,6.775082789906836,Thompson-Sampling
3,5.867209385991797,Thompson-Sampling
3,4.265642207864725,Thompson-Sampling
3,3.0214774802482327,Thompson-Sampling
3,5.700963341722894,Thompson-Sampling
3,4.450071934175827,Thompson-Sampling
3,1.0244196514712383,Thompson-Sampling
3,5.641992650077162,Thompson-Sampling
3,3.3879114851505294,Thompson-Sampling
3,4.069884250144677,Thompson-Sampling
3,4.153105468154826,Thompson-Sampling
3,5.285267593281582,Thompson-Sampling
3,4.727842937503331,Thompson-Sampling
3,5.301713013166176,Thompson-Sampling
3,4.537044954086589,Thompson-Sampling
3,3.93230989345297,Thompson-Sampling
3,2.880601709817442,Thompson-Sampling
3,3.9298345322315784,Thompson-Sampling
3,4.6518292979349685,Thompson-Sampling
3,4.350128393712051,Thompson-Sampling
3,5.6644660820009936,Thompson-Sampling
3,4.052715809336108,Thompson-Sampling
3,3.3789900869137277,Thompson-Sampling
3,3.045375796606087,Thompson-Sampling
3,4.813099780673396,Thompson-Sampling
3,6.270828632959677,Thompson-Sampling
3,2.5462680805056994,Thompson-Sampling
3,4.57072979603228,Thompson-Sampling
3,3.8369777721092433,Thompson-Sampling
3,4.681600583259965,Thompson-Sampling
3,4.968202537701936,Thompson-Sampling
3,4.672417582008586,Thompson-Sampling
3,2.756599748020104,Thompson-Sampling
3,2.6068161055373036,Thompson-Sampling
3,3.2574146854986,Thompson-Sampling
3,4.389708900125506,Thompson-Sampling
3,4.052929995770977,Thompson-Sampling
3,6.183093116082558,Thompson-Sampling
3,2.734849213062999,Thompson-Sampling
3,3.568458183938633,Thompson-Sampling
3,7.090952943007743,Thompson-Sampling
3,4.052886857536617,Thompson-Sampling
3,3.9222216174651696,Thompson-Sampling
3,3.336842290745816,Thompson-Sampling
3,4.112277887911522,Thompson-Sampling
3,3.382079568348499,Thompson-Sampling
3,4.353273718023522,Thompson-Sampling
3,3.6037082009830943,Thompson-Sampling
3,4.76298957293143,Thompson-Sampling
3,2.1070243238078645,Thompson-Sampling
3,5.182329901399336,Thompson-Sampling
3,3.0667336148496145,Thompson-Sampling
3,5.294655926236146,Thompson-Sampling
3,3.3306448396499087,Thompson-Sampling
3,3.6035433204409753,Thompson-Sampling
3,4.252301945813869,Thompson-Sampling
3,6.118522151739644,Thompson-Sampling
3,2.629641900215998,Thompson-Sampling
3,4.598388098018917,Thompson-Sampling
3,3.8248848876025017,Thompson-Sampling
3,2.575971388595115,Thompson-Sampling
3,4.306803510262547,Thompson-Sampling
3,3.6527724705048694,Thompson-Sampling
3,2.807460346401758,Thompson-Sampling
3,3.0548295030637416,Thompson-Sampling
3,5.010450266520778,Thompson-Sampling
3,5.044529723528583,Thompson-Sampling
3,3.2424942141183464,Thompson-Sampling
3,4.125974525520073,Thompson-Sampling
3,4.628777513289585,Thompson-Sampling
3,3.0956677932176264,Thompson-Sampling
3,3.2999318129428876,Thompson-Sampling
3,4.223328419777459,Thompson-Sampling
3,2.0934869069722772,Thompson-Sampling
3,5.025849474190116,Thompson-Sampling
3,5.664760134455254,Thompson-Sampling
3,5.945945026724729,Thompson-Sampling
3,4.903841041723894,Thompson-Sampling
3,4.508996749573401,Thompson-Sampling
3,4.589470400962042,Thompson-Sampling
3,5.284885087870365,Thompson-Sampling
3,1.5573006227580484,Thompson-Sampling
3,4.890517352456877,Thompson-Sampling
3,3.1737200818172018,Thompson-Sampling
3,1.6630054249220971,Thompson-Sampling
3,4.569069223201831,Thompson-Sampling
3,4.210486364711733,Thompson-Sampling
3,4.898002682551594,Thompson-Sampling
3,4.685446003768753,Thompson-Sampling
3,3.7975070797225805,Thompson-Sampling
3,3.5997308059115567,Thompson-Sampling
3,4.443592703703175,Thompson-Sampling
3,4.12267153134097,Thompson-Sampling
3,4.845603116739943,Thompson-Sampling
3,5.019913270963438,Thompson-Sampling
3,3.0231861660076005,Thompson-Sampling
3,4.401525998673071,Thompson-Sampling
3,3.752121173563701,Thompson-Sampling
3,3.5576589892499513,Thompson-Sampling
3,3.388344465753824,Thompson-Sampling
3,4.218928597969118,Thompson-Sampling
3,3.880653346957018,Thompson-Sampling
3,5.192580165443075,Thompson-Sampling
3,4.507455844587278,Thompson-Sampling
3,3.1873956736998963,Thompson-Sampling
3,4.6812669296432645,Thompson-Sampling
3,4.149110143128667,Thompson-Sampling
3,3.562018132975999,Thompson-Sampling
3,5.131412496831744,Thompson-Sampling
3,1.8956409981246276,Thompson-Sampling
3,2.9213088960540325,Thompson-Sampling
3,7.410632319608115,Thompson-Sampling
3,4.972303989978736,Thompson-Sampling
3,2.6906809309978614,Thompson-Sampling
3,4.670594393492147,Thompson-Sampling
3,4.5637389357658655,Thompson-Sampling
3,4.4146947982526505,Thompson-Sampling
3,3.6972332926154428,Thompson-Sampling
3,4.635383077310756,Thompson-Sampling
3,3.442754896949441,Thompson-Sampling
3,3.976410199618094,Thompson-Sampling
3,5.364024931757005,Thompson-Sampling
3,3.897714371099492,Thompson-Sampling
3,3.45394745903617,Thompson-Sampling
3,4.140802004486177,Thompson-Sampling
3,4.121799005546132,Thompson-Sampling
3,4.064398849570049,Thompson-Sampling
3,5.715270398216111,Thompson-Sampling
3,4.926581506960897,Thompson-Sampling
3,5.046061510735736,Thompson-Sampling
3,2.4694423228890177,Thompson-Sampling
3,4.819377850734144,Thompson-Sampling
3,3.4991040824141275,Thompson-Sampling
3,3.6752602958713467,Thompson-Sampling
3,2.6448363196220432,Thompson-Sampling
3,4.196165685049954,Thompson-Sampling
3,4.387428224093039,Thompson-Sampling
3,3.6748810663393123,Thompson-Sampling
3,3.20792757905343,Thompson-Sampling
3,5.217630861768358,Thompson-Sampling
3,3.172008341905327,Thompson-Sampling
3,4.519385758399357,Thompson-Sampling
3,3.6342180160083943,Thompson-Sampling
3,3.6013985425375314,Thompson-Sampling
3,3.4304777340126864,Thompson-Sampling
3,3.9305721565785903,Thompson-Sampling
3,3.2512392820957237,Thompson-Sampling
3,4.127028490672536,Thompson-Sampling
3,4.767018052933357,Thompson-Sampling
3,2.2945584392273943,Thompson-Sampling
3,4.101910703945372,Thompson-Sampling
3,5.147777560584596,Thompson-Sampling
3,5.834899233475763,Thompson-Sampling
3,3.694930364547359,Thompson-Sampling
3,3.437024799778165,Thompson-Sampling
3,2.876610721194451,Thompson-Sampling
3,3.546497580303027,Thompson-Sampling
3,4.998053938659777,Thompson-Sampling
3,3.4207552082887815,Thompson-Sampling
3,3.7585242780021115,Thompson-Sampling
3,4.0546347028986505,Thompson-Sampling
3,3.831001562138596,Thompson-Sampling
3,4.888533736505299,Thompson-Sampling
3,5.069439606906342,Thompson-Sampling
3,2.746677091744873,Thompson-Sampling
3,3.6647933139935303,Thompson-Sampling
3,2.4441163685558545,Thompson-Sampling
3,2.445779512288736,Thompson-Sampling
3,4.146758997811325,Thompson-Sampling
3,3.470480404137442,Thompson-Sampling
3,4.787186894891451,Thompson-Sampling
3,1.1615424509785788,Thompson-Sampling
3,4.9251232748615035,Thompson-Sampling
3,4.603859276605017,Thompson-Sampling
3,4.049359011103172,Thompson-Sampling
3,4.796275796120676,Thompson-Sampling
3,3.375899982669841,Thompson-Sampling
3,4.166848069721742,Thompson-Sampling
3,4.816606202580921,Thompson-Sampling
3,3.5149262978879676,Thompson-Sampling
3,3.617575791071189,Thompson-Sampling
3,4.145062876888804,Thompson-Sampling
3,4.471644325921538,Thompson-Sampling
3,3.6763218139921903,Thompson-Sampling
3,4.504865947133214,Thompson-Sampling
3,4.5522517015458694,Thompson-Sampling
3,3.402791112218416,Thompson-Sampling
3,4.760932043950175,Thompson-Sampling
3,4.856519712083876,Thompson-Sampling
3,5.000053365082335,Thompson-Sampling
3,4.262994210687969,Thompson-Sampling
3,4.487769407077726,Thompson-Sampling
3,3.520412582166636,Thompson-Sampling
3,3.645482248143904,Thompson-Sampling
3,2.9127494566040917,Thompson-Sampling
3,3.4956664800845214,Thompson-Sampling
3,3.3494818872272463,Thompson-Sampling
3,3.5780914656979497,Thompson-Sampling
3,3.337021427048616,Thompson-Sampling
3,3.59435420915099,Thompson-Sampling
3,5.452233417287594,Thompson-Sampling
3,3.5717349797214357,Thompson-Sampling
3,2.148858170633401,Thompson-Sampling
3,4.456110153782709,Thompson-Sampling
3,4.242115805080024,Thompson-Sampling
3,2.384731854510081,Thompson-Sampling
3,2.9797446684020548,Thompson-Sampling
3,2.114393308493413,Thompson-Sampling
3,4.043898800128468,Thompson-Sampling
3,4.925189585882713,Thompson-Sampling
3,4.194359017577899,Thompson-Sampling
3,3.596857718155655,Thompson-Sampling
3,4.92838741699992,Thompson-Sampling
3,4.636674767869708,Thompson-Sampling
3,2.724338629942073,Thompson-Sampling
3,3.6529592198841314,Thompson-Sampling
3,3.4516752261378794,Thompson-Sampling
3,4.388569191854526,Thompson-Sampling
3,5.332142860283206,Thompson-Sampling
3,2.51314360240725,Thompson-Sampling
3,3.526240592709641,Thompson-Sampling
3,6.361172254145782,Thompson-Sampling
3,3.449590292447671,Thompson-Sampling
3,5.247104820071463,Thompson-Sampling
3,4.45503418402867,Thompson-Sampling
3,5.547864709252177,Thompson-Sampling
3,3.5444038174593455,Thompson-Sampling
3,2.4547860911874717,Thompson-Sampling
3,3.886959186367896,Thompson-Sampling
3,3.9531796160741637,Thompson-Sampling
3,4.904939952593171,Thompson-Sampling
3,5.175005635194017,Thompson-Sampling
3,3.7936495318882026,Thompson-Sampling
3,2.6338092097620507,Thompson-Sampling
3,4.106869542118848,Thompson-Sampling
3,3.4788162452461013,Thompson-Sampling
3,4.34687760278701,Thompson-Sampling
3,4.564030305111838,Thompson-Sampling
3,3.567644436658073,Thompson-Sampling
3,3.8350821866962437,Thompson-Sampling
3,6.668601790571685,Thompson-Sampling
3,3.891155140070053,Thompson-Sampling
3,2.994084555449538,Thompson-Sampling
3,3.6056727322758846,Thompson-Sampling
3,4.854082034974941,Thompson-Sampling
3,3.592555036366647,Thompson-Sampling
3,2.476716562689627,Thompson-Sampling
3,5.523102019116176,Thompson-Sampling
3,2.565398318409004,Thompson-Sampling
3,4.7096623213264674,Thompson-Sampling
3,2.439061060873346,Thompson-Sampling
3,3.1296184865531202,Thompson-Sampling
3,5.881526270003316,Thompson-Sampling
3,4.026959966672951,Thompson-Sampling
3,3.78592543556006,Thompson-Sampling
3,4.352507376108612,Thompson-Sampling
3,4.657932544540277,Thompson-Sampling
3,2.0899699399215605,Thompson-Sampling
3,4.57251651656497,Thompson-Sampling
3,1.800449917100043,Thompson-Sampling
3,4.080388628890188,Thompson-Sampling
3,3.6722510485119217,Thompson-Sampling
3,3.73855508719397,Thompson-Sampling
3,4.740527604013319,Thompson-Sampling
3,5.130524852735617,Thompson-Sampling
3,2.7484230392028612,Thompson-Sampling
3,3.404141558808142,Thompson-Sampling
3,3.9045684077729783,Thompson-Sampling
3,3.37494378411371,Thompson-Sampling
3,5.133931233046407,Thompson-Sampling
3,4.52000245960535,Thompson-Sampling
3,4.212325114544069,Thompson-Sampling
3,4.249522427884094,Thompson-Sampling
3,4.568490789825565,Thompson-Sampling
3,5.06789915485238,Thompson-Sampling
3,3.20134512300466,Thompson-Sampling
3,3.999572042632515,Thompson-Sampling
3,2.931183039799426,Thompson-Sampling
3,3.3444823016629424,Thompson-Sampling
3,2.6557560686030426,Thompson-Sampling
3,3.5947618036923177,Thompson-Sampling
3,3.8512751821051268,Thompson-Sampling
3,3.2323339181040147,Thompson-Sampling
3,4.375664001816908,Thompson-Sampling
3,4.018264238033831,Thompson-Sampling
3,3.7091259774342715,Thompson-Sampling
3,4.260978059876812,Thompson-Sampling
3,2.9850743012012924,Thompson-Sampling
3,5.549506872922039,Thompson-Sampling
3,5.100034413046109,Thompson-Sampling
3,4.943817176765161,Thompson-Sampling
3,3.3160552181410408,Thompson-Sampling
3,4.323421421136091,Thompson-Sampling
3,4.81339285049494,Thompson-Sampling
3,4.036155277692322,Thompson-Sampling
3,3.06409175245564,Thompson-Sampling
3,3.7436727569889503,Thompson-Sampling
3,4.647010745204735,Thompson-Sampling
3,4.20936685866988,Thompson-Sampling
3,3.1695912136648117,Thompson-Sampling
3,3.4197837112616774,Thompson-Sampling
3,4.166634318053144,Thompson-Sampling
3,4.079545349839682,Thompson-Sampling
3,4.144561151569445,Thompson-Sampling
3,4.598607166428717,Thompson-Sampling
3,2.93038512998975,Thompson-Sampling
3,4.061648802811371,Thompson-Sampling
3,4.967793721760885,Thompson-Sampling
3,1.8719036782535254,Thompson-Sampling
3,4.849406944487275,Thompson-Sampling
3,4.0350291697126,Thompson-Sampling
3,4.265682640930767,Thompson-Sampling
3,4.753113445344498,Thompson-Sampling
3,3.8714888031388686,Thompson-Sampling
3,3.087585978925875,Thompson-Sampling
3,5.01848128669896,Thompson-Sampling
3,4.409878137994913,Thompson-Sampling
3,5.450248019361042,Thompson-Sampling
3,4.025948720423274,Thompson-Sampling
3,3.8576230368712014,Thompson-Sampling
3,4.3772120790203335,Thompson-Sampling
3,5.663627191684377,Thompson-Sampling
3,3.6901452571318214,Thompson-Sampling
3,4.258816311322711,Thompson-Sampling
3,4.577289258351535,Thompson-Sampling
3,2.7866388588987494,Thompson-Sampling
3,3.7941274839060544,Thompson-Sampling
3,3.2018393168758927,Thompson-Sampling
3,3.4007716444200313,Thompson-Sampling
3,3.055990106830881,Thompson-Sampling
3,4.521117526213078,Thompson-Sampling
3,3.7656955282689832,Thompson-Sampling
3,4.258061269394522,Thompson-Sampling
3,2.4446350131987415,Thompson-Sampling
3,3.885274243489835,Thompson-Sampling
3,3.7703015796045762,Thompson-Sampling
3,3.6117526696001168,Thompson-Sampling
3,3.870904804154863,Thompson-Sampling
3,4.7866467489678985,Thompson-Sampling
3,3.632087142517465,Thompson-Sampling
3,3.520107812124787,Thompson-Sampling
3,6.355746086892042,Thompson-Sampling
3,3.2792315153664373,Thompson-Sampling
3,3.451728951707282,Thompson-Sampling
3,2.466112294508094,Thompson-Sampling
3,3.7064435700595757,Thompson-Sampling
3,2.71042479972301,Thompson-Sampling
3,3.0863294592144466,Thompson-Sampling
3,3.6153315769457497,Thompson-Sampling
3,4.392379330896984,Thompson-Sampling
3,3.561744677332086,Thompson-Sampling
3,3.864239666921019,Thompson-Sampling
3,4.220124873533857,Thompson-Sampling
3,2.025744936186201,Thompson-Sampling
3,5.251065757114468,Thompson-Sampling
3,4.479679503799671,Thompson-Sampling
3,4.614204738963997,Thompson-Sampling
3,3.1480138111457068,Thompson-Sampling
3,3.6590552548370123,Thompson-Sampling
3,3.98697581700083,Thompson-Sampling
3,1.2093201807923957,Thompson-Sampling
3,4.004757693449209,Thompson-Sampling
3,4.649879784973624,Thompson-Sampling
3,5.68122817814987,Thompson-Sampling
3,2.9074963826407196,Thompson-Sampling
3,3.797636948951231,Thompson-Sampling
3,2.7429825677324127,Thompson-Sampling
3,4.5550569578408595,Thompson-Sampling
3,3.9368083886453302,Thompson-Sampling
3,3.9734948945180935,Thompson-Sampling
3,2.9940556536704195,Thompson-Sampling
3,4.947746108916057,Thompson-Sampling
3,5.55790220099672,Thompson-Sampling
3,6.6912968369865515,Thompson-Sampling
3,4.38778621545214,Thompson-Sampling
3,3.4521309053220066,Thompson-Sampling
3,3.056609850578003,Thompson-Sampling
3,4.605465014995488,Thompson-Sampling
3,4.333342972979844,Thompson-Sampling
3,3.9755064860567755,Thompson-Sampling
3,5.144795495265221,Thompson-Sampling
3,3.1706669327176904,Thompson-Sampling
3,4.367155880299984,Thompson-Sampling
3,5.081139684157279,Thompson-Sampling
3,4.529260178960735,Thompson-Sampling
3,4.518641814540405,Thompson-Sampling
3,5.56198216076929,Thompson-Sampling
3,4.005472397072425,Thompson-Sampling
3,3.1514067923042957,Thompson-Sampling
3,1.9821470274158246,Thompson-Sampling
3,5.217865157952686,Thompson-Sampling
3,4.100486549226807,Thompson-Sampling
3,4.406521516742003,Thompson-Sampling
3,4.530308870238494,Thompson-Sampling
3,5.310826124723655,Thompson-Sampling
3,4.851156474515773,Thompson-Sampling
3,3.8645686433764834,Thompson-Sampling
3,2.7885930878427825,Thompson-Sampling
3,2.935689400772669,Thompson-Sampling
3,5.299230665277883,Thompson-Sampling
3,2.9687350729848445,Thompson-Sampling
3,3.9579675312007123,Thompson-Sampling
3,4.507144705261121,Thompson-Sampling
3,3.0118557885504944,Thompson-Sampling
3,4.0223561786338955,Thompson-Sampling
3,4.990466537854461,Thompson-Sampling
3,5.045595758766074,Thompson-Sampling
3,2.1890982498624343,Thompson-Sampling
3,5.329923676574285,Thompson-Sampling
3,4.35602171673775,Thompson-Sampling
3,4.773676289403285,Thompson-Sampling
3,2.7157267749828717,Thompson-Sampling
3,4.3420025263660955,Thompson-Sampling
3,3.7190734619721266,Thompson-Sampling
3,4.573721354712329,Thompson-Sampling
3,4.169581587376791,Thompson-Sampling
3,1.648327923867455,Thompson-Sampling
3,4.564146070545108,Thompson-Sampling
3,5.423310840640699,Thompson-Sampling
3,3.181868070346571,Thompson-Sampling
3,3.832969874056366,Thompson-Sampling
3,2.369143088892643,Thompson-Sampling
3,3.9637102083084312,Thompson-Sampling
3,5.168273413917592,Thompson-Sampling
3,4.909945011865307,Thompson-Sampling
3,5.505911356705258,Thompson-Sampling
3,4.671925210653241,Thompson-Sampling
3,2.31460863993712,Thompson-Sampling
3,3.699305280866664,Thompson-Sampling
3,2.1638755258128417,Thompson-Sampling
3,3.6284445199756497,Thompson-Sampling
3,4.198411313308551,Thompson-Sampling
3,2.4534108673284707,Thompson-Sampling
3,3.625365019091981,Thompson-Sampling
3,3.4829808585995035,Thompson-Sampling
3,5.448757636791511,Thompson-Sampling
3,4.4950261972317795,Thompson-Sampling
3,4.8433918167071734,Thompson-Sampling
3,3.4765970742413184,Thompson-Sampling
3,4.819833125457369,Thompson-Sampling
3,4.056618876152519,Thompson-Sampling
3,3.864866915743206,Thompson-Sampling
3,2.9994673340200233,Thompson-Sampling
3,2.8854123162014895,Thompson-Sampling
3,4.02168486238009,Thompson-Sampling
3,5.003367064990359,Thompson-Sampling
3,3.447586885889571,Thompson-Sampling
3,4.370006227848547,Thompson-Sampling
3,3.8873704651400507,Thompson-Sampling
3,5.1666858962226705,Thompson-Sampling
3,5.255871335187713,Thompson-Sampling
3,3.073522841128108,Thompson-Sampling
3,2.9649529115817126,Thompson-Sampling
3,4.049269223548234,Thompson-Sampling
3,4.942505492870044,Thompson-Sampling
3,5.731558498899187,Thompson-Sampling
3,4.571149834927797,Thompson-Sampling
3,3.9453506552199418,Thompson-Sampling
3,3.963070942780956,Thompson-Sampling
3,3.2017352841868965,Thompson-Sampling
3,4.799143328914017,Thompson-Sampling
3,3.8964973322365486,Thompson-Sampling
3,4.996313236097343,Thompson-Sampling
3,3.9042935697385435,Thompson-Sampling
3,1.8828593606663988,Thompson-Sampling
3,6.500804383794796,Thompson-Sampling
3,4.163858079279873,Thompson-Sampling
3,4.5114756310685005,Thompson-Sampling
3,3.126772889456297,Thompson-Sampling
3,1.6460663607291686,Thompson-Sampling
3,3.3004552101283897,Thompson-Sampling
3,5.730498397221371,Thompson-Sampling
3,5.260663018126738,Thompson-Sampling
3,4.548411566661167,Thompson-Sampling
3,4.825160379633088,Thompson-Sampling
3,4.568710008313503,Thompson-Sampling
3,5.143565863849705,Thompson-Sampling
3,3.2091777464290754,Thompson-Sampling
3,2.4053794394745047,Thompson-Sampling
3,3.7411460049737943,Thompson-Sampling
3,2.8491489419782488,Thompson-Sampling
3,4.273545963181196,Thompson-Sampling
3,4.427520795555376,Thompson-Sampling
3,5.713062435779972,Thompson-Sampling
3,4.7867659643437666,Thompson-Sampling
3,3.4707629998317473,Thompson-Sampling
3,3.875295020337915,Thompson-Sampling
3,3.1675711597216147,Thompson-Sampling
3,5.230137975952406,Thompson-Sampling
3,3.4610968668094664,Thompson-Sampling
3,4.106438868605824,Thompson-Sampling
3,4.239365587260138,Thompson-Sampling
3,4.161108052832076,Thompson-Sampling
3,4.979847178767281,Thompson-Sampling
3,2.623648744371053,Thompson-Sampling
3,3.44251785997324,Thompson-Sampling
3,3.211293789002295,Thompson-Sampling
3,4.50285138216984,Thompson-Sampling
3,1.7424882516117628,Thompson-Sampling
3,4.058006851143944,Thompson-Sampling
3,2.682705703677323,Thompson-Sampling
3,4.6880152692046675,Thompson-Sampling
3,3.571141539163564,Thompson-Sampling
3,5.590272488795934,Thompson-Sampling
3,1.889172742375639,Thompson-Sampling
3,3.6241860627542244,Thompson-Sampling
3,5.45728420277453,Thompson-Sampling
3,3.8541395485348255,Thompson-Sampling
3,3.1578138438964576,Thompson-Sampling
3,5.844251359271648,Thompson-Sampling
3,2.2716755483507782,Thompson-Sampling
3,3.4674597349569387,Thompson-Sampling
3,3.7224593522242504,Thompson-Sampling
3,5.468827433668432,Thompson-Sampling
3,3.145876797788469,Thompson-Sampling
3,2.866420343719885,Thompson-Sampling
3,2.8848771151017023,Thompson-Sampling
3,3.048058460846902,Thompson-Sampling
3,5.273084054188853,Thompson-Sampling
3,3.201921569784629,Thompson-Sampling
3,4.872372629299708,Thompson-Sampling
3,4.522319582691391,Thompson-Sampling
3,6.431270481439062,Thompson-Sampling
3,3.8994927424136336,Thompson-Sampling
3,2.0066273214339803,Thompson-Sampling
3,3.446024323103594,Thompson-Sampling
3,4.326877973167858,Thompson-Sampling
3,5.6316543587287065,Thompson-Sampling
3,2.695633653405175,Thompson-Sampling
3,4.558143727782439,Thompson-Sampling
3,2.6912816940340756,Thompson-Sampling
3,3.414108439024425,Thompson-Sampling
3,4.460503831433774,Thompson-Sampling
3,4.2121384024618305,Thompson-Sampling
3,5.040282713054301,Thompson-Sampling
3,3.260478491135523,Thompson-Sampling
3,4.638998533362095,Thompson-Sampling
3,4.798055847047651,Thompson-Sampling
3,3.4418897798281423,Thompson-Sampling
3,4.5869921579613875,Thompson-Sampling
3,4.754493095731034,Thompson-Sampling
3,3.407419572217606,Thompson-Sampling
3,4.102404021237364,Thompson-Sampling
3,2.510267357275657,Thompson-Sampling
3,4.328086942172719,Thompson-Sampling
3,4.120315790088779,Thompson-Sampling
3,4.681465381856331,Thompson-Sampling
3,6.2110029146170245,Thompson-Sampling
3,4.464784341545095,Thompson-Sampling
3,4.951802231905338,Thompson-Sampling
3,4.896405650099049,Thompson-Sampling
3,4.2892351516518366,Thompson-Sampling
3,3.21997066631902,Thompson-Sampling
3,2.350496143705728,Thompson-Sampling
3,3.2187036901180894,Thompson-Sampling
3,2.8717617890575413,Thompson-Sampling
3,4.372110340705744,Thompson-Sampling
3,2.9404450842724543,Thompson-Sampling
3,3.9247663286835737,Thompson-Sampling
3,4.532670526829286,Thompson-Sampling
3,4.992350236697269,Thompson-Sampling
3,3.821088110676729,Thompson-Sampling
3,4.984519153347536,Thompson-Sampling
3,3.8514990739567643,Thompson-Sampling
3,3.625492671073407,Thompson-Sampling
3,4.430824729251114,Thompson-Sampling
3,5.1718815231275945,Thompson-Sampling
3,2.085968568935626,Thompson-Sampling
3,3.298317392614724,Thompson-Sampling
3,4.544798381567942,Thompson-Sampling
3,3.9392461101704614,Thompson-Sampling
3,3.693985441174441,Thompson-Sampling
3,4.98856229178853,Thompson-Sampling
3,2.433918782159602,Thompson-Sampling
3,5.090203766931121,Thompson-Sampling
3,3.6642355689738766,Thompson-Sampling
3,5.200229273762969,Thompson-Sampling
3,4.224739057225715,Thompson-Sampling
3,2.26173256846851,Thompson-Sampling
3,3.653076998148505,Thompson-Sampling
3,5.6301814788929,Thompson-Sampling
3,5.090132880953838,Thompson-Sampling
3,3.7837187736689546,Thompson-Sampling
3,4.526623056083941,Thompson-Sampling
3,3.114244141107286,Thompson-Sampling
3,3.3133712510220983,Thompson-Sampling
3,5.816208432954774,Thompson-Sampling
3,3.5048734206772747,Thompson-Sampling
3,4.722502790561535,Thompson-Sampling
3,4.025767428851781,Thompson-Sampling
3,3.814613102500252,Thompson-Sampling
3,3.3720929733266596,Thompson-Sampling
3,4.943667926188891,Thompson-Sampling
3,3.905184896091641,Thompson-Sampling
3,3.658487737030673,Thompson-Sampling
3,2.5065254501499945,Thompson-Sampling
3,4.545314292226482,Thompson-Sampling
3,4.57618089090974,Thompson-Sampling
3,4.235635029182241,Thompson-Sampling
3,3.523926090846553,Thompson-Sampling
3,4.07169789389549,Thompson-Sampling
3,2.755406660780281,Thompson-Sampling
3,5.324829261018954,Thompson-Sampling
3,4.893624817915185,Thompson-Sampling
3,2.884996216991326,Thompson-Sampling
3,4.370912640324275,Thompson-Sampling
3,3.292626035178297,Thompson-Sampling
3,4.6084335959325635,Thompson-Sampling
3,3.833154786092292,Thompson-Sampling
3,3.45518445103076,Thompson-Sampling
3,3.6981581139980952,Thompson-Sampling
3,3.0887394032959956,Thompson-Sampling
3,3.99295241699576,Thompson-Sampling
3,4.057314353858501,Thompson-Sampling
3,3.601101877372638,Thompson-Sampling
3,3.1713720180499987,Thompson-Sampling
3,3.457625417905116,Thompson-Sampling
3,2.760168140967902,Thompson-Sampling
3,3.903359550933559,Thompson-Sampling
3,4.964337856542865,Thompson-Sampling
3,3.770458217529517,Thompson-Sampling
3,5.115230923814384,Thompson-Sampling
3,2.5548090464689146,Thompson-Sampling
3,4.49824963357985,Thompson-Sampling
3,3.7039687388561893,Thompson-Sampling
3,3.579807075421506,Thompson-Sampling
3,4.019860906054181,Thompson-Sampling
3,3.2622101747959973,Thompson-Sampling
3,4.009106656985409,Thompson-Sampling
3,3.5992375836441575,Thompson-Sampling
3,4.897122996463708,Thompson-Sampling
3,3.815195012134332,Thompson-Sampling
3,3.663570210765847,Thompson-Sampling
3,3.1379357549529647,Thompson-Sampling
3,5.388606867088927,Thompson-Sampling
3,2.228237076968158,Thompson-Sampling
3,5.566706758811585,Thompson-Sampling
3,3.9581251768307455,Thompson-Sampling
3,4.266102267481861,Thompson-Sampling
3,4.216301207839628,Thompson-Sampling
3,2.937375164371481,Thompson-Sampling
3,4.436161294896391,Thompson-Sampling
3,3.477817909661413,Thompson-Sampling
3,2.778381958758035,Thompson-Sampling
3,1.9269978187481178,Thompson-Sampling
3,4.252663463599645,Thompson-Sampling
3,4.236023974636232,Thompson-Sampling
3,2.82161224429138,Thompson-Sampling
3,4.738952995564953,Thompson-Sampling
3,2.4687041134084717,Thompson-Sampling
3,6.393071315532696,Thompson-Sampling
3,3.2315544566470935,Thompson-Sampling
3,5.238884281831361,Thompson-Sampling
3,5.498007055187685,Thompson-Sampling
3,4.8466804249939255,Thompson-Sampling
3,5.27211173366741,Thompson-Sampling
3,2.6522813523436506,Thompson-Sampling
3,3.889036949649745,Thompson-Sampling
3,5.173961434151094,Thompson-Sampling
3,5.481054675436588,Thompson-Sampling
3,1.7730700354678994,Thompson-Sampling
3,4.004038874114147,Thompson-Sampling
3,4.587660427109333,Thompson-Sampling
3,1.6776712116700936,Thompson-Sampling
3,4.435189565286012,Thompson-Sampling
3,5.885127179950717,Thompson-Sampling
3,4.690098219885055,Thompson-Sampling
3,3.3141557515740745,Thompson-Sampling
3,3.6187741542254916,Thompson-Sampling
3,3.632429569376068,Thompson-Sampling
3,3.1199034068497298,Thompson-Sampling
3,3.8762759785221066,Thompson-Sampling
3,5.526942668697795,Thompson-Sampling
3,4.079818349696828,Thompson-Sampling
3,3.767815326338413,Thompson-Sampling
3,3.5995312655115477,Thompson-Sampling
3,4.0396021973342355,Thompson-Sampling
3,4.4038036519218515,Thompson-Sampling
3,2.6013104128948563,Thompson-Sampling
3,4.709637353017999,Thompson-Sampling
3,5.740014602099115,Thompson-Sampling
3,4.1369123654766184,Thompson-Sampling
3,5.245840685635886,Thompson-Sampling
3,1.9952985300390331,Thompson-Sampling
3,4.82227486273163,Thompson-Sampling
3,5.436524235993522,Thompson-Sampling
3,4.630813852724391,Thompson-Sampling
3,3.4989796724764384,Thompson-Sampling
3,3.8674321103093754,Thompson-Sampling
3,5.100569115072471,Thompson-Sampling
3,4.954772294408403,Thompson-Sampling
3,4.220570614885091,Thompson-Sampling
3,4.231296899205349,Thompson-Sampling
3,2.8115823384690577,Thompson-Sampling
3,1.5973827905882478,Thompson-Sampling
3,5.603413147275974,Thompson-Sampling
3,3.517969805338472,Thompson-Sampling
3,3.837229885398308,Thompson-Sampling
3,5.64123076843768,Thompson-Sampling
3,4.712111494188036,Thompson-Sampling
3,5.526575497421886,Thompson-Sampling
3,2.7834206200199794,Thompson-Sampling
3,2.512445484590499,Thompson-Sampling
3,3.7198525485779865,Thompson-Sampling
3,4.6593639812778775,Thompson-Sampling
3,4.811259069950037,Thompson-Sampling
3,3.4072545872284,Thompson-Sampling
3,3.786822653830785,Thompson-Sampling
3,5.018422636237931,Thompson-Sampling
3,6.08493021054659,Thompson-Sampling
3,3.6636624355412293,Thompson-Sampling
3,2.203326820339657,Thompson-Sampling
3,3.7459587351115364,Thompson-Sampling
3,5.606022980780126,Thompson-Sampling
3,2.714996601005776,Thompson-Sampling
3,4.177021049183184,Thompson-Sampling
3,4.097447614853997,Thompson-Sampling
3,3.342730989181165,Thompson-Sampling
3,4.651208716839367,Thompson-Sampling
3,3.6374367842242097,Thompson-Sampling
3,2.553434606464189,Thompson-Sampling
3,5.368650000855128,Thompson-Sampling
3,4.128195594433427,Thompson-Sampling
3,3.0390119968208076,Thompson-Sampling
3,4.161787551738235,Thompson-Sampling
3,3.21536297208665,Thompson-Sampling
3,4.433149603865087,Thompson-Sampling
3,2.967975231866128,Thompson-Sampling
3,3.7572139105171543,Thompson-Sampling
3,5.3192979026421625,Thompson-Sampling
3,6.7077570721407245,Thompson-Sampling
3,3.1877074881332406,Thompson-Sampling
3,5.222441984492688,Thompson-Sampling
3,4.286207239555772,Thompson-Sampling
3,4.546327615012929,Thompson-Sampling
3,3.8901784117497518,Thompson-Sampling
3,4.3699412787607566,Thompson-Sampling
3,3.784725809154907,Thompson-Sampling
3,2.3670810010901673,Thompson-Sampling
3,4.110106905469643,Thompson-Sampling
3,4.665583790884638,Thompson-Sampling
3,4.5920891958696375,Thompson-Sampling
3,4.244887097040656,Thompson-Sampling
3,3.9958833949545345,Thompson-Sampling
3,4.742420286936474,Thompson-Sampling
3,3.2695183367402496,Thompson-Sampling
3,3.1798475002169675,Thompson-Sampling
3,3.8807293118080675,Thompson-Sampling
3,2.388143243249896,Thompson-Sampling
3,3.3332098884074766,Thompson-Sampling
3,5.782422800015954,Thompson-Sampling
3,2.9828702230858486,Thompson-Sampling
3,2.2186514288553703,Thompson-Sampling
3,3.6637778662089557,Thompson-Sampling
3,5.305619029317823,Thompson-Sampling
3,4.580341462339837,Thompson-Sampling
3,5.008763886523916,Thompson-Sampling
3,3.867485380245231,Thompson-Sampling
3,5.50452604749733,Thompson-Sampling
3,3.4385461631647076,Thompson-Sampling
3,3.7676058324002613,Thompson-Sampling
3,5.206069198221719,Thompson-Sampling
3,3.774537382144299,Thompson-Sampling
3,2.968378219871779,Thompson-Sampling
3,4.492490393089442,Thompson-Sampling
3,3.2765949411613384,Thompson-Sampling
3,5.31293428372104,Thompson-Sampling
3,3.8850608859453266,Thompson-Sampling
3,3.6119290283727623,Thompson-Sampling
3,4.2885888635221825,Thompson-Sampling
3,4.801302916445601,Thompson-Sampling
3,3.8702584426808713,Thompson-Sampling
3,3.7758634186136923,Thompson-Sampling
3,2.9740475010633913,Thompson-Sampling
3,4.963786239305316,Thompson-Sampling
3,1.8133631222492,Thompson-Sampling
3,4.409207770101145,Thompson-Sampling
3,3.037359839114705,Thompson-Sampling
3,5.066616162569678,Thompson-Sampling
3,4.4136342573081295,Thompson-Sampling
3,5.286229483712734,Thompson-Sampling
3,4.725347127988035,Thompson-Sampling
3,3.740491189513691,Thompson-Sampling
3,6.072954842334585,Thompson-Sampling
3,4.057476133291372,Thompson-Sampling
3,3.1300300461688804,Thompson-Sampling
3,1.9007257240989262,Thompson-Sampling
3,4.825590561212401,Thompson-Sampling
3,4.148932076664555,Thompson-Sampling
3,4.997453447905055,Thompson-Sampling
3,3.5108141983507895,Thompson-Sampling
3,4.189986374996354,Thompson-Sampling
3,5.344858229784201,Thompson-Sampling
3,4.449595971677522,Thompson-Sampling
3,3.460976319683942,Thompson-Sampling
3,3.523783841777481,Thompson-Sampling
3,3.708158913075299,Thompson-Sampling
3,2.3160388582936426,Thompson-Sampling
3,4.754260230529843,Thompson-Sampling
3,3.6467732907430266,Thompson-Sampling
3,3.9894824901273522,Thompson-Sampling
3,1.8097134467067666,Thompson-Sampling
3,3.6101846594721185,Thompson-Sampling
3,3.947134615407959,Thompson-Sampling
3,3.379819370299796,Thompson-Sampling
3,3.2801964528938,Thompson-Sampling
3,3.2689657778922943,Thompson-Sampling
3,3.9639521484550677,Thompson-Sampling
3,3.7909045628835676,Thompson-Sampling
3,5.389469020166764,Thompson-Sampling
3,4.507890543886631,Thompson-Sampling
3,4.828110966632648,Thompson-Sampling
3,5.283456048361417,Thompson-Sampling
3,4.289524080600114,Thompson-Sampling
3,4.160381227782116,Thompson-Sampling
3,3.541965856830674,Thompson-Sampling
3,3.4662622864651453,Thompson-Sampling
3,4.170154858998941,Thompson-Sampling
3,2.413084960598087,Thompson-Sampling
3,4.531023839544208,Thompson-Sampling
3,3.279873062912093,Thompson-Sampling
3,3.833129365808283,Thompson-Sampling
3,2.895339427712468,Thompson-Sampling
3,4.253829503077925,Thompson-Sampling
3,2.893656047196926,Thompson-Sampling
3,5.55536737389256,Thompson-Sampling
3,2.973971016963647,Thompson-Sampling
3,4.667039836973126,Thompson-Sampling
3,4.505977023128048,Thompson-Sampling
3,3.0693565067241386,Thompson-Sampling
3,5.4436084549564505,Thompson-Sampling
3,3.5614789543400933,Thompson-Sampling
3,4.299929381891548,Thompson-Sampling
3,3.674534958290282,Thompson-Sampling
3,3.3645323789086086,Thompson-Sampling
3,3.30687446202675,Thompson-Sampling
3,3.72053875265483,Thompson-Sampling
3,3.782471543157109,Thompson-Sampling
3,3.5234631610465255,Thompson-Sampling
3,5.33412121115646,Thompson-Sampling
3,1.7224175095518772,Thompson-Sampling
3,4.278044873186641,Thompson-Sampling
3,3.7825708885204965,Thompson-Sampling
3,5.558742526591196,Thompson-Sampling
3,3.1612356999589006,Thompson-Sampling
3,3.9247952888036672,Thompson-Sampling
3,4.46614756789815,Thompson-Sampling
3,4.583080560614147,Thompson-Sampling
3,4.329582987531252,Thompson-Sampling
3,2.3417813530720286,Thompson-Sampling
3,3.656385350408589,Thompson-Sampling
3,3.197294537591128,Thompson-Sampling
3,2.996691123628172,Thompson-Sampling
3,4.18237067043863,Thompson-Sampling
3,3.3869548952871686,Thompson-Sampling
3,3.3396130811222045,Thompson-Sampling
3,5.6379380316638725,Thompson-Sampling
3,2.939345406841763,Thompson-Sampling
3,4.111002956121987,Thompson-Sampling
3,5.922867498081159,Thompson-Sampling
3,4.560234080887753,Thompson-Sampling
3,3.7386394554066777,Thompson-Sampling
3,3.6813554672113558,Thompson-Sampling
3,5.8082252263441525,Thompson-Sampling
3,5.58788185593005,Thompson-Sampling
3,5.39177197418643,Thompson-Sampling
3,1.66425565147253,Thompson-Sampling
3,3.0262570324422113,Thompson-Sampling
3,5.4395444453537305,Thompson-Sampling
3,3.4400945979219713,Thompson-Sampling
3,5.184539339245031,Thompson-Sampling
3,3.6393324414967045,Thompson-Sampling
3,5.027754417926227,Thompson-Sampling
3,4.339150883189852,Thompson-Sampling
3,3.0851461000026754,Thompson-Sampling
3,4.336095910139948,Thompson-Sampling
3,3.1996239667297077,Thompson-Sampling
3,4.076510221046306,Thompson-Sampling
3,4.026283140131159,Thompson-Sampling
3,5.976097004946742,Thompson-Sampling
3,4.795209416296601,Thompson-Sampling
3,3.3642756204944284,Thompson-Sampling
3,4.421377399521975,Thompson-Sampling
3,3.7758479552426136,Thompson-Sampling
3,6.054454356394865,Thompson-Sampling
3,5.122273890107144,Thompson-Sampling
3,2.5875555246087742,Thompson-Sampling
3,4.703006152483462,Thompson-Sampling
3,4.138650024804217,Thompson-Sampling
3,3.9757079964586146,Thompson-Sampling
3,5.287189524295641,Thompson-Sampling
3,2.5080900704354026,Thompson-Sampling
3,3.74128597211549,Thompson-Sampling
3,3.181971519559244,Thompson-Sampling
3,5.011938166156821,Thompson-Sampling
3,3.6574031669794085,Thompson-Sampling
3,4.341541942882708,Thompson-Sampling
3,4.80013653267477,Thompson-Sampling
3,5.555128158667689,Thompson-Sampling
3,4.507560095727667,Thompson-Sampling
3,3.9809167229848232,Thompson-Sampling
3,3.628591579661502,Thompson-Sampling
3,3.681921061581188,Thompson-Sampling
3,4.484398788343722,Thompson-Sampling
3,4.3156587649105775,Thompson-Sampling
3,4.160333570161528,Thompson-Sampling
3,4.095451128504631,Thompson-Sampling
3,3.6457547819689635,Thompson-Sampling
3,3.0912205602108314,Thompson-Sampling
3,4.257534228981478,Thompson-Sampling
3,3.734644202463286,Thompson-Sampling
3,2.976824633685136,Thompson-Sampling
3,2.8008083351032074,Thompson-Sampling
3,4.203145250237533,Thompson-Sampling
3,3.5636662198008855,Thompson-Sampling
3,4.568352462751941,Thompson-Sampling
3,4.591102707977418,Thompson-Sampling
3,4.541509836701263,Thompson-Sampling
3,1.8073915099910831,Thompson-Sampling
3,5.625637719947278,Thompson-Sampling
3,3.5607639646789155,Thompson-Sampling
3,3.449015347817947,Thompson-Sampling
3,5.368400641778183,Thompson-Sampling
3,5.242439838345144,Thompson-Sampling
3,2.889425340450046,Thompson-Sampling
3,3.09900791507451,Thompson-Sampling
3,2.660984827632945,Thompson-Sampling
3,4.927075840247648,Thompson-Sampling
3,2.425222029093872,Thompson-Sampling
3,3.8042804012621567,Thompson-Sampling
3,3.43010920585916,Thompson-Sampling
3,3.8081499922359443,Thompson-Sampling
3,3.6213417639905106,Thompson-Sampling
3,3.348983430309157,Thompson-Sampling
3,3.5868957587645167,Thompson-Sampling
3,3.745602944208224,Thompson-Sampling
3,4.033622834686972,Thompson-Sampling
3,4.594441429269737,Thompson-Sampling
3,3.6999782539328794,Thompson-Sampling
3,4.421213387182984,Thompson-Sampling
3,4.325178572240326,Thompson-Sampling
3,3.198222494410359,Thompson-Sampling
3,3.856582850112571,Thompson-Sampling
3,3.7314259589975998,Thompson-Sampling
3,3.5229230013104758,Thompson-Sampling
3,3.0920569419191684,Thompson-Sampling
3,3.5676547131729546,Thompson-Sampling
3,3.1009115588955325,Thompson-Sampling
3,3.5515705125462342,Thompson-Sampling
3,3.7426316290602997,Thompson-Sampling
3,4.005441735260435,Thompson-Sampling
3,4.300067998060426,Thompson-Sampling
3,4.629347626187373,Thompson-Sampling
3,4.625538705988891,Thompson-Sampling
3,2.2992508519896164,Thompson-Sampling
3,2.050251562837709,Thompson-Sampling
3,2.0603117663976547,Thompson-Sampling
3,2.436653820967262,Thompson-Sampling
3,4.701070400768635,Thompson-Sampling
3,4.220048265649683,Thompson-Sampling
3,4.5249492788312455,Thompson-Sampling
3,4.261975208499345,Thompson-Sampling
3,3.8005041450341595,Thompson-Sampling
3,4.47297731103665,Thompson-Sampling
3,2.9334164909764584,Thompson-Sampling
3,4.504188518600842,Thompson-Sampling
3,2.3425135694441463,Thompson-Sampling
3,3.027071058232842,Thompson-Sampling
3,4.098029642496716,Thompson-Sampling
3,3.3119282591954518,Thompson-Sampling
3,3.0185498202278525,Thompson-Sampling
3,3.3966022786315593,Thompson-Sampling
3,3.7876038772667537,Thompson-Sampling
3,4.495836895644115,Thompson-Sampling
3,2.8515745221363753,Thompson-Sampling
3,3.50432351365251,Thompson-Sampling
3,3.7244291055779746,Thompson-Sampling
3,4.544032972692968,Thompson-Sampling
3,4.076792002457818,Thompson-Sampling
3,6.566544721200836,Thompson-Sampling
3,5.70193422581114,Thompson-Sampling
3,3.242415916120931,Thompson-Sampling
3,1.542955765095003,Thompson-Sampling
3,3.147761910191181,Thompson-Sampling
3,5.0378465647164425,Thompson-Sampling
3,4.748293925016224,Thompson-Sampling
3,2.899024496544466,Thompson-Sampling
3,2.779330488821633,Thompson-Sampling
3,1.874971989487479,Thompson-Sampling
3,4.435532254513994,Thompson-Sampling
3,3.979379305574839,Thompson-Sampling
3,2.212087567455164,Thompson-Sampling
3,6.352978527293432,Thompson-Sampling
3,3.0640346277931894,Thompson-Sampling
3,3.5811752447500633,Thompson-Sampling
3,5.006598555852339,Thompson-Sampling
3,3.775828587630482,Thompson-Sampling
3,4.390760680946275,Thompson-Sampling
3,4.113180077875548,Thompson-Sampling
3,4.1226034228663915,Thompson-Sampling
3,3.679269598141632,Thompson-Sampling
3,5.846095461847625,Thompson-Sampling
3,3.384740636211323,Thompson-Sampling
3,1.62756343946661,Thompson-Sampling
3,2.589384124579998,Thompson-Sampling
3,3.032108944810375,Thompson-Sampling
3,3.8737137255867844,Thompson-Sampling
